Well 	Well Type 	R Last 	  dR Last 	Threshold (dR) 	Ct (dR) 	Quantity (copies) 	RSq (dR) 	Slope (dR) 	Efficiency (%) 	
  A1 	  Unknown 	 60827 	53531.753 	      7783.313 	  20.72 	       3.426e+004 	   0.998 	    -3.503 	          93.0 	
  A2 	  Unknown 	 62387 	52971.255 	      7783.313 	  29.17 	       1.327e+002 	   0.998 	    -3.503 	          93.0 	
  A3 	  Unknown 	 62248 	55143.987 	      7783.313 	  20.20 	       4.821e+004 	   0.998 	    -3.503 	          93.0 	
  A4 	  Unknown 	 62724 	55331.839 	      7783.313 	  24.52 	       2.827e+003 	   0.998 	    -3.503 	          93.0 	
  A5 	  Unknown 	 62584 	53691.881 	      7783.313 	  27.60 	       3.733e+002 	   0.998 	    -3.503 	          93.0 	
  A6 	  Unknown 	 61663 	54509.121 	      7783.313 	  23.08 	       7.282e+003 	   0.998 	    -3.503 	          93.0 	
  A7 	 Standard 	 62280 	48475.636 	      7783.313 	   8.00 	        1.95e+008 	   0.998 	    -3.503 	          93.0 	
  A8 	  Unknown 	 62771 	29835.937 	      7783.313 	  27.63 	       3.642e+002 	   0.998 	    -3.503 	          93.0 	
  A9 	  Unknown 	 61821 	54370.283 	      7783.313 	  27.49 	       3.993e+002 	   0.998 	    -3.503 	          93.0 	
 A10 	      NTC 	  6791 	   43.890 	      7783.313 	  No Ct 	            No Ct 	   0.998 	    -3.503 	          93.0 	
 A11 	  Unknown 	 62159 	55082.749 	      7783.313 	  21.47 	       2.090e+004 	   0.998 	    -3.503 	          93.0 	
 A12 	  Unknown 	 62258 	54845.847 	      7783.313 	  24.81 	       2.333e+003 	   0.998 	    -3.503 	          93.0 	
  B1 	  Unknown 	 62227 	54939.423 	      7783.313 	  28.16 	       2.573e+002 	   0.998 	    -3.503 	          93.0 	
  B2 	  Unknown 	 62434 	54181.609 	      7783.313 	  19.86 	       6.049e+004 	   0.998 	    -3.503 	          93.0 	
  B3 	  Unknown 	 63005 	54696.273 	      7783.313 	  24.37 	       3.109e+003 	   0.998 	    -3.503 	          93.0 	
  B4 	  Unknown 	 63289 	54430.542 	      7783.313 	  25.53 	       1.456e+003 	   0.998 	    -3.503 	          93.0 	
  B5 	  Unknown 	 63408 	55356.835 	      7783.313 	  22.90 	       8.155e+003 	   0.998 	    -3.503 	          93.0 	
  B6 	  Unknown 	 63119 	55099.435 	      7783.313 	  25.88 	       1.156e+003 	   0.998 	    -3.503 	          93.0 	
  B7 	 Standard 	 63882 	49510.297 	      7783.313 	  11.22 	        1.95e+007 	   0.998 	    -3.503 	          93.0 	
  B8 	  Unknown 	 64036 	51759.115 	      7783.313 	  27.72 	       3.440e+002 	   0.998 	    -3.503 	          93.0 	
  B9 	  Unknown 	 63911 	54198.461 	      7783.313 	  17.47 	       2.913e+005 	   0.998 	    -3.503 	          93.0 	
 B10 	  Unknown 	 63729 	55106.439 	      7783.313 	  26.03 	       1.045e+003 	   0.998 	    -3.503 	          93.0 	
 B11 	      NTC 	 62772 	54901.660 	      7783.313 	  43.52 	       1.060e-002 	   0.998 	    -3.503 	          93.0 	
 B12 	  Unknown 	 61589 	52898.182 	      7783.313 	  31.26 	       3.356e+001 	   0.998 	    -3.503 	          93.0 	
  C1 	  Unknown 	 55615 	46956.588 	      7783.313 	  31.72 	       2.486e+001 	   0.998 	    -3.503 	          93.0 	
  C2 	      NTC 	 62221 	54453.931 	      7783.313 	  37.10 	       7.225e-001 	   0.998 	    -3.503 	          93.0 	
  C3 	  Unknown 	 63711 	54875.804 	      7783.313 	  31.55 	       2.783e+001 	   0.998 	    -3.503 	          93.0 	
  C4 	  Unknown 	 64285 	54811.403 	      7783.313 	  19.54 	       7.426e+004 	   0.998 	    -3.503 	          93.0 	
  C5 	  Unknown 	 64376 	55082.144 	      7783.313 	  25.71 	       1.289e+003 	   0.998 	    -3.503 	          93.0 	
  C6 	  Unknown 	 64096 	51921.676 	      7783.313 	  31.58 	       2.723e+001 	   0.998 	    -3.503 	          93.0 	
  C7 	 Standard 	 65055 	54012.930 	      7783.313 	  14.33 	        1.95e+006 	   0.998 	    -3.503 	          93.0 	
  C8 	  Unknown 	 64560 	55596.209 	      7783.313 	  23.29 	       6.334e+003 	   0.998 	    -3.503 	          93.0 	
  C9 	  Unknown 	 64356 	55286.666 	      7783.313 	  20.49 	       4.000e+004 	   0.998 	    -3.503 	          93.0 	
 C10 	  Unknown 	 63438 	51805.497 	      7783.313 	  29.02 	       1.465e+002 	   0.998 	    -3.503 	          93.0 	
 C11 	  Unknown 	 63118 	54870.152 	      7783.313 	  27.55 	       3.844e+002 	   0.998 	    -3.503 	          93.0 	
 C12 	  Unknown 	 22814 	14729.788 	      7783.313 	  40.87 	       6.050e-002 	   0.998 	    -3.503 	          93.0 	
  D1 	      NTC 	 51273 	44058.827 	      7783.313 	  40.14 	       9.823e-002 	   0.998 	    -3.503 	          93.0 	
  D2 	  Unknown 	 63426 	53734.986 	      7783.313 	  27.63 	       3.652e+002 	   0.998 	    -3.503 	          93.0 	
  D3 	  Unknown 	 62519 	53583.656 	      7783.313 	  23.46 	       5.656e+003 	   0.998 	    -3.503 	          93.0 	
  D4 	  Unknown 	 63146 	54575.648 	      7783.313 	  24.43 	       2.998e+003 	   0.998 	    -3.503 	          93.0 	
  D5 	  Unknown 	 63310 	54716.396 	      7783.313 	  25.40 	       1.583e+003 	   0.998 	    -3.503 	          93.0 	
  D6 	  Unknown 	 63026 	54733.650 	      7783.313 	  25.13 	       1.885e+003 	   0.998 	    -3.503 	          93.0 	
  D7 	 Standard 	 64394 	52700.585 	      7783.313 	  17.83 	        1.95e+005 	   0.998 	    -3.503 	          93.0 	
  D8 	  Unknown 	 64509 	43737.825 	      7783.313 	  26.38 	       8.296e+002 	   0.998 	    -3.503 	          93.0 	
  D9 	  Unknown 	 63883 	55120.309 	      7783.313 	  23.49 	       5.558e+003 	   0.998 	    -3.503 	          93.0 	
 D10 	  Unknown 	 63946 	55368.464 	      7783.313 	  22.73 	       9.155e+003 	   0.998 	    -3.503 	          93.0 	
 D11 	  Unknown 	 63738 	51284.086 	      7783.313 	  27.59 	       3.751e+002 	   0.998 	    -3.503 	          93.0 	
 D12 	  Unknown 	 61888 	54538.267 	      7783.313 	  29.03 	       1.452e+002 	   0.998 	    -3.503 	          93.0 	
  E1 	  Unknown 	  8995 	 1397.909 	      7783.313 	  No Ct 	            No Ct 	   0.998 	    -3.503 	          93.0 	
  E2 	  Unknown 	 62596 	54420.697 	      7783.313 	  25.17 	       1.838e+003 	   0.998 	    -3.503 	          93.0 	
  E3 	  Unknown 	 63876 	54458.910 	      7783.313 	  25.38 	       1.602e+003 	   0.998 	    -3.503 	          93.0 	
  E4 	  Unknown 	 64057 	54698.134 	      7783.313 	  20.07 	       5.271e+004 	   0.998 	    -3.503 	          93.0 	
  E5 	  Unknown 	 64050 	55140.166 	      7783.313 	  27.61 	       3.699e+002 	   0.998 	    -3.503 	          93.0 	
  E6 	  Unknown 	 63943 	54986.044 	      7783.313 	  24.79 	       2.357e+003 	   0.998 	    -3.503 	          93.0 	
  E7 	 Standard 	 63920 	55367.238 	      7783.313 	  21.23 	        1.95e+004 	   0.998 	    -3.503 	          93.0 	
  E8 	  Unknown 	 63145 	54848.972 	      7783.313 	  23.18 	       6.787e+003 	   0.998 	    -3.503 	          93.0 	
  E9 	  Unknown 	 63299 	53993.293 	      7783.313 	  27.09 	       5.221e+002 	   0.998 	    -3.503 	          93.0 	
 E10 	  Unknown 	 63357 	51690.545 	      7783.313 	  26.85 	       6.107e+002 	   0.998 	    -3.503 	          93.0 	
 E11 	      NTC 	 62864 	54915.478 	      7783.313 	  35.20 	             2.52 	   0.998 	    -3.503 	          93.0 	
 E12 	  Unknown 	 62287 	55118.890 	      7783.313 	  26.51 	       7.624e+002 	   0.998 	    -3.503 	          93.0 	
  F1 	  Unknown 	 61156 	50412.068 	      7783.313 	  24.38 	       3.089e+003 	   0.998 	    -3.503 	          93.0 	
  F2 	  Unknown 	 62699 	54294.951 	      7783.313 	  29.10 	       1.390e+002 	   0.998 	    -3.503 	          93.0 	
  F3 	  Unknown 	 62962 	54225.406 	      7783.313 	  24.13 	       3.656e+003 	   0.998 	    -3.503 	          93.0 	
  F4 	  Unknown 	 63207 	54280.599 	      7783.313 	  25.20 	       1.800e+003 	   0.998 	    -3.503 	          93.0 	
  F5 	  Unknown 	 63529 	54872.554 	      7783.313 	  21.09 	       2.690e+004 	   0.998 	    -3.503 	          93.0 	
  F6 	  Unknown 	 63263 	55023.821 	      7783.313 	  24.45 	       2.945e+003 	   0.998 	    -3.503 	          93.0 	
  F7 	 Standard 	 64521 	55319.307 	      7783.313 	  24.87 	        1.95e+003 	   0.998 	    -3.503 	          93.0 	
  F8 	  Unknown 	 64312 	54437.237 	      7783.313 	  29.11 	       1.377e+002 	   0.998 	    -3.503 	          93.0 	
  F9 	  Unknown 	 64838 	55068.684 	      7783.313 	  18.24 	       1.745e+005 	   0.998 	    -3.503 	          93.0 	
 F10 	      NTC 	 62757 	54523.315 	      7783.313 	  40.07 	       1.024e-001 	   0.998 	    -3.503 	          93.0 	
 F11 	  Unknown 	 63938 	55365.088 	      7783.313 	  24.78 	       2.375e+003 	   0.998 	    -3.503 	          93.0 	
 F12 	  Unknown 	 61980 	55245.613 	      7783.313 	  31.36 	       3.145e+001 	   0.998 	    -3.503 	          93.0 	
  G1 	  Unknown 	 62894 	55282.616 	      7783.313 	  20.09 	       5.186e+004 	   0.998 	    -3.503 	          93.0 	
  G2 	  Unknown 	 63587 	55412.516 	      7783.313 	  29.67 	       9.555e+001 	   0.998 	    -3.503 	          93.0 	
  G3 	  Unknown 	 64053 	54463.530 	      7783.313 	  21.59 	       1.941e+004 	   0.998 	    -3.503 	          93.0 	
  G4 	  Unknown 	 64148 	54699.974 	      7783.313 	  21.27 	       2.392e+004 	   0.998 	    -3.503 	          93.0 	
  G5 	  Unknown 	 64155 	51172.545 	      7783.313 	  30.35 	       6.093e+001 	   0.998 	    -3.503 	          93.0 	
  G6 	  Unknown 	 63917 	55142.361 	      7783.313 	  22.08 	       1.402e+004 	   0.998 	    -3.503 	          93.0 	
  G7 	 Standard 	 63762 	55873.454 	      7783.313 	  28.33 	        1.95e+002 	   0.998 	    -3.503 	          93.0 	
  G8 	      NTC 	  7658 	  -43.910 	      7783.313 	  No Ct 	            No Ct 	   0.998 	    -3.503 	          93.0 	
  G9 	  Unknown 	 63774 	55489.271 	      7783.313 	  22.99 	       7.687e+003 	   0.998 	    -3.503 	          93.0 	
 G10 	  Unknown 	 63510 	54907.472 	      7783.313 	  28.44 	       2.142e+002 	   0.998 	    -3.503 	          93.0 	
 G11 	  Unknown 	 62846 	45911.437 	      7783.313 	  27.24 	       4.729e+002 	   0.998 	    -3.503 	          93.0 	
 G12 	  Unknown 	 62062 	55360.747 	      7783.313 	  23.90 	       4.250e+003 	   0.998 	    -3.503 	          93.0 	
  H1 	  Unknown 	 60066 	53668.721 	      7783.313 	  25.11 	       1.919e+003 	   0.998 	    -3.503 	          93.0 	
  H2 	  Unknown 	 62815 	54887.464 	      7783.313 	  28.27 	       2.405e+002 	   0.998 	    -3.503 	          93.0 	
  H3 	  Unknown 	 63104 	54455.450 	      7783.313 	  20.99 	       2.865e+004 	   0.998 	    -3.503 	          93.0 	
  H4 	  Unknown 	 63152 	54546.454 	      7783.313 	  21.56 	       1.973e+004 	   0.998 	    -3.503 	          93.0 	
  H5 	  Unknown 	 63186 	54155.106 	      7783.313 	  25.95 	       1.098e+003 	   0.998 	    -3.503 	          93.0 	
  H6 	  Unknown 	 62994 	51916.715 	      7783.313 	  26.99 	       5.549e+002 	   0.998 	    -3.503 	          93.0 	
  H7 	 Standard 	 63888 	56795.575 	      7783.313 	  32.81 	        1.95e+001 	   0.998 	    -3.503 	          93.0 	
  H8 	  Unknown 	 63629 	55836.280 	      7783.313 	  23.75 	       4.681e+003 	   0.998 	    -3.503 	          93.0 	
  H9 	      NTC 	  7031 	  337.594 	      7783.313 	  No Ct 	            No Ct 	   0.998 	    -3.503 	          93.0 	
 H10 	  Unknown 	 62989 	55634.679 	      7783.313 	  22.97 	       7.821e+003 	   0.998 	    -3.503 	          93.0 	
 H11 	  Unknown 	 62877 	50244.360 	      7783.313 	  22.71 	       9.289e+003 	   0.998 	    -3.503 	          93.0 	
 H12 	      NTC 	 60398 	54147.979 	      7783.313 	  36.81 	       8.748e-001 	   0.998 	    -3.503 	          93.0 	
