SampleID	B_JarID	DateStart	Rep	Inhibitory	RichLevel	introRich	CV	CV_sd	qPCR_log10_bact	qPCR_bact_sd	qPCR_bact_lwr_95_total	qPCR_bact_upr_95_total	B_obsRich	B_shannon	B_pielou	B_inhibRich	B_inhibReads	B_inhibProp	B_inhibRichFrac	A_JarID	qPCR_log10_Bd	qPCR_Bd_sd	qPCR_Bd_lwr_95_total	qPCR_Bd_upr_95_total	Micro_Bd_density	Micro_Bd_density_sd	Micro_Bd_truezero	clouds_present	pinpricks_present	Micro_Bd_meansize	Micro_Bd_meansize_sd	Micro_Bd_medsize	A_obsRich	shannon_mergedASV	pielou_mergedASV	A_inhibRich	inhibReads	inhibProp	A_inhibRichFrac
Con_2020-08-31_0_Rep1	15	2020-08-31	Rep1	Con	0	0	0.0516111111111111	0.00169148192751537	2.34346961453486	0.0686058496848972	1.6421231078045	3.04481612126522	0	0	0	0	0	0	0	7	2.63392835170919	0.481944419312679	1.93258184497882	3.33527485843955	67.5629294637612	67.126264473148	FALSE	FALSE	TRUE	10.4610010919148	3.35322492759411	10.8452359295429	0	NA	NA	0	0	0	0
Inhib_2020-08-31_1_Rep1	9	2020-08-31	Rep1	Inhib	1	1	0.0879444444444444	0.00367801274845232	4.55715859866234	0.036668879805894	3.85581209193198	5.25850510539271	3	0.908185269404885	0.826665857256988	2	28604	0.808593639575972	0.666666666666667	23	1.77913255572576	0.548248248642037	1.0777860489954	2.48047906245612	3.00279686505605	11.2354370711186	FALSE	FALSE	FALSE	NA	NA	NA	3	NA	NA	1	0.235422447207337	0.277292685360742	0.333333333333333
Inhib_2020-08-31_3_Rep1	8	2020-08-31	Rep1	Inhib	3	3	0.430611111111111	0.00573246117397328	5.67150856661325	0.040282806815253	4.97016205988288	6.37285507334361	3	0.765286856735283	0.696594116622407	2	202987	0.433474488499378	0.666666666666667	4	3.62398795070118	0.369692004078776	2.92264144397081	4.32533445743154	0.400372915340807	1.55063763338746	FALSE	FALSE	TRUE	9.61740796150933	5.98097974681865	9.09916841182912	4	NA	NA	3	0.488570541994207	0.503665395996055	0.75
Non_2020-08-31_1_Rep1	1	2020-08-31	Rep1	Non	1	1	0.0316111111111111	0.000927960727138337	3.2148700925713	0.0572005421598683	2.51352358584093	3.91621659930166	1	0	NA	0	0	0	0	21	4.01927531772545	0.161917602385093	3.31792881099508	4.72062182445581	1681.56624443139	1404.29860118009	FALSE	TRUE	TRUE	10.9069624854397	2.25779855963747	10.9731897277004	1	NA	NA	0	0	0	0
Non_2020-08-31_3_Rep1	24	2020-08-31	Rep1	Non	3	3	0.0346111111111111	0.000927960727138337	4.17130762024905	0.0180521956753628	3.46996111351869	4.87265412697942	1	0	NA	0	0	0	0	16	4.17498400006562	0.288921311415825	3.47363749333526	4.87633050679599	1922.67971122552	1164.5057075923	FALSE	FALSE	FALSE	9.27252038495397	1.82472922489103	9.32971797993778	1	NA	NA	0	0	0	0
Non_2020-08-31_10_Rep1	5	2020-08-31	Rep1	Non	10	9	0.0289444444444444	0.00123603308118261	5.43446244477172	0.056235296294659	4.73311593804135	6.13580895150208	8	1.56914284854948	0.754598202016239	0	0	0	0	26	3.71160353899176	0.3749789120059	3.01025703226139	4.41295004572212	17.2660819740723	48.8358545935573	FALSE	TRUE	TRUE	13.5874316583092	3.46339476430156	13.6082912897549	8	NA	NA	0	0	0	0
Con_2020-09-28_0_Rep10	24	2020-09-28	Rep10	Con	0	0	0.0339444444444444	0.00123603308118261	2.33615468305341	0.361016317977541	1.63480817632304	3.03750118978377	0	0	0	0	0	0	0	23	4.1144697350355	0.23723271575282	3.41312322830514	4.81581624176586	1134.05628270284	718.524386574095	FALSE	FALSE	TRUE	7.64616646977291	1.75476047940568	7.65182137552806	0	NA	NA	0	0	0	0
Inhib_2020-09-28_1_Rep10	18	2020-09-28	Rep10	Inhib	1	1	0.535611111111111	0.00136422546197874	5.46980854197349	0.135381268857513	4.76846203524312	6.17115504870385	1	0	NA	0	0	0	0	16	3.04402137385289	0.434910807859691	2.34267486712252	3.74536788058325	0	0	FALSE	FALSE	FALSE	NA	NA	NA	1	NA	NA	0	0	0	0
Inhib_2020-09-28_3_Rep10	4	2020-09-28	Rep10	Inhib	3	3	0.564277777777778	0.00169148192751537	4.80854197349042	0.0583180850463124	4.10719546676006	5.50988848022079	2	0.659629290050744	0.951643905581317	1	40204	0.628727812964266	0.5	25	3.02925450777535	0.443682366906266	2.32790800104498	3.73060101450571	0	0	FALSE	FALSE	FALSE	NA	NA	NA	2	NA	NA	1	0.976864952268416	0.983347419162989	0.5
Inhib_2020-09-28_10_Rep10	5	2020-09-28	Rep10	Inhib	10	10	0.369277777777778	0.00169148192751537	5.22385861561119	0.0124967325099242	4.52251210888082	5.92520512234155	5	0.60757392990776	0.377506907979364	3	23396	0.140660979143745	0.6	3	2.48343649007777	0.391973470207919	1.78208998334741	3.18478299680813	0	0	TRUE	FALSE	FALSE	NA	NA	NA	4	NA	NA	2	0.373380035026269	0.376709163563215	0.5
Non_2020-09-28_1_Rep10	21	2020-09-28	Rep10	Non	1	1	0.00894444444444445	0.00441902452785429	1.43189508512358	0.0763832184517643	0.730548578393212	2.13324159185394	3	0.957555696374223	0.871604756519796	0	0	0	0	NA	NA	NA	NA	NA	NA	NA	NA	NA	NA	NA	NA	NA	NA	NA	NA	NA	NA	NA	NA
Non_2020-09-28_3_Rep10	10	2020-09-28	Rep10	Non	3	3	1.02461111111111	0.0134484612915795	6.08394698085419	0.133298480105858	5.38260047412383	6.78529348758456	3	0.424762800264845	0.386635762812922	0	0	0	0	27	1.56330040031687	0.518383913876077	0.86195389358651	2.26464690704724	0	0	TRUE	FALSE	FALSE	NA	NA	NA	2	NA	NA	0	0	0	0
Non_2020-09-28_10_Rep10	22	2020-09-28	Rep10	Non	10	10	0.892611111111111	0.00498609176721716	5.91246550481089	0.00227358046979598	5.21111899808053	6.61381201154125	5	1.03944123027268	0.645841148790037	0	0	0	0	6	1.87663079778369	0.402290283593488	1.17528429105333	2.57797730451406	0	0	FALSE	FALSE	FALSE	5.247172410155	0.811674759701063	4.98636775676773	4	NA	NA	0	0	0	0
Con_2020-10-05_0_Rep11	15	2020-10-05	Rep11	Con	0	0	0.00361111111111112	0.000927960727138337	1.53486278988903	0.148358351330635	0.833516283158665	2.23620929661939	0	0	0	0	0	0	0	2	2.50657598611867	0.492480656654701	1.80522947938831	3.20792249284903	1120.04323066591	942.573423922688	FALSE	FALSE	TRUE	10.4551369135387	3.10430829525725	10.3195053371134	0	NA	NA	0	0	0	0
Inhib_2020-10-05_1_Rep11	6	2020-10-05	Rep11	Inhib	1	1	1.08994444444444	0.0147488229285519	5.16176680404828	0.253473009165274	4.46042029731792	5.86311331077864	1	0	NA	0	0	0	0	8	2.13294252537344	0.544475063658589	1.43159601864308	2.83428903210381	0	0	FALSE	FALSE	FALSE	NA	NA	NA	1	NA	NA	0	0	0	0
Inhib_2020-10-05_3_Rep11	4	2020-10-05	Rep11	Inhib	3	2	1.05827777777778	0.0172586532241398	5.22179365167912	0.0356084475897633	4.52044714494875	5.92314015840948	2	0.671134537189557	0.968242468572683	1	65664	0.395475734470422	0.5	11	1.06940563843447	0.0783339205166373	0.368059131704105	1.77075214516483	0	0	FALSE	FALSE	FALSE	NA	NA	NA	2	NA	NA	1	0.398167878561543	0.399545895423684	0.5
Inhib_2020-10-05_10_Rep11	13	2020-10-05	Rep11	Inhib	10	9	0.257277777777778	0.00456739653534824	5.539807666558	0.107888641465745	4.83846115982763	6.24115417328836	2	0.615149049178106	0.887472482656815	1	104914	0.305130688444681	0.5	26	1.99097631189426	0.297103708500587	1.2896298051639	2.69232281862463	6.40596664545291	14.9652886454455	FALSE	FALSE	TRUE	4.44112166461928	1.87550810965338	4.18994142537913	2	NA	NA	1	0.323131253678634	0.375688816855753	0.5
Non_2020-10-05_1_Rep11	16	2020-10-05	Rep11	Non	1	1	0.0179444444444444	0.00123603308118261	3.43228516016659	0.0649134054226289	2.73093865343623	4.13363166689695	1	0	NA	0	0	0	0	21	4.46014484849236	0.539687906750393	3.75879834176199	5.16149135522272	307.48639898174	548.725754914967	FALSE	FALSE	TRUE	4.43992846151146	0.985172766617229	4.45748559295506	2	NA	NA	1	0.202984375522768	0.211165639901153	0.5
Non_2020-10-05_3_Rep11	28	2020-10-05	Rep11	Non	3	3	0.0399444444444444	0.00123603308118261	5.53893396604352	0.0545272964991393	4.83758745931315	6.24028047277388	3	0.767090349365763	0.698235726359602	1	252078	0.731458052834393	0.333333333333333	25	2.78541803853632	0.255593706408062	2.08407153180596	3.48676454526669	123.314857924968	264.20582377787	FALSE	FALSE	TRUE	4.06969259320176	0.891029522975887	4.01582922788634	3	NA	NA	1	0.675844260370905	0.682620329912272	0.333333333333333
Non_2020-10-05_10_Rep11	10	2020-10-05	Rep11	Non	10	9	0.891611111111111	0.00899228064014412	6.12707984771346	0.129402820006801	5.4257333409831	6.82842635444383	4	1.1817124728095	0.852425362139449	1	624974	0.468087464845169	0.25	24	1.4815668495322	0.339248657868674	0.780220342801838	2.18291335626256	0	0	TRUE	FALSE	FALSE	NA	NA	NA	4	NA	NA	1	0.325259515570934	0.325911087140766	0.25
Con_2020-10-05_0_Rep12	22	2020-10-05	Rep12	Con	0	0	0.0199444444444444	0.000726483157256779	0.750217726636308	0.577027109799542	0.0488712199059443	1.45156423336667	0	0	0	0	0	0	0	12	4.76776562116309	0.415519647645119	4.06641911443273	5.46911212789345	235.344204298768	465.621231753151	FALSE	FALSE	FALSE	7.12935968990865	2.29185469096191	7.22194703886111	0	NA	NA	0	0	0	0
Inhib_2020-10-05_1_Rep12	1	2020-10-05	Rep12	Inhib	1	1	0.0239444444444444	0.00123603308118261	1.78645066273932	0.0583180850463136	1.08510415600896	2.48779716946968	1	0	NA	1	56	1	1	5	1.21989032256601	0.17485670482504	0.518543815835644	1.92123682929637	0	0	TRUE	FALSE	FALSE	NA	NA	NA	1	NA	NA	1	0.899054524774294	1	1
Inhib_2020-10-05_3_Rep12	7	2020-10-05	Rep12	Inhib	3	3	0.0306111111111111	0.000927960727138337	2.86078122536192	0.235597142756988	2.15943471863155	3.56212773209228	1	0	NA	1	672	1	1	19	3.30196705165409	0.0772414440562878	2.60062054492372	4.00331355838445	25.6238665818116	99.2408085367972	FALSE	FALSE	FALSE	9.32750660978328	2.69714287897849	8.99759084186326	2	NA	NA	2	0.970667384284177	1	1
Inhib_2020-10-05_10_Rep12	17	2020-10-05	Rep12	Inhib	10	8	0.974944444444445	0.00874801564800715	5.02798232695139	0.0270762537715018	4.32663582022103	5.72932883368176	4	1.06563527204192	0.76869336118562	3	68693	0.661648414097341	0.75	3	0.0169162123654221	1.64902008755528	-0.684430294364941	0.718262719095785	0	0	TRUE	FALSE	FALSE	NA	NA	NA	5	NA	NA	4	0.759457008279454	0.76754087696993	0.8
Non_2020-10-05_3_Rep12	9	2020-10-05	Rep12	Non	3	2	0.00294444444444444	0.000726483157256779	3.19067294658309	0.0188893217055782	2.48932643985273	3.89201945331345	1	0	NA	0	0	0	0	20	3.98624095089613	0.471060688716786	3.28489444416576	4.68758745762649	2.00186457670403	7.75318816693728	FALSE	FALSE	FALSE	NA	NA	NA	2	NA	NA	1	0.131991233054631	0.135911509849266	0.5
Non_2020-10-05_10_Rep12	27	2020-10-05	Rep12	Non	10	7	1.14661111111111	0.00853587201820132	5.66414995010607	0.260248458375634	4.96280344337571	6.36549645683644	3	0.933118282753182	0.849360864044619	0	0	0	0	23	1.0794750599114	0.431489219530875	0.378128553181035	1.78082156664176	0	0	TRUE	FALSE	FALSE	NA	NA	NA	3	NA	NA	0	0	0	0
Con_2020-08-31_0_Rep2	10	2020-08-31	Rep2	Con	0	0	0.00694444444444445	0.00123603308118261	1.73505592886455	0.292370397044228	1.03370942213418	2.43640243559491	0	0	0	0	0	0	0	19	3.3401331018266	0.213973992337311	2.63878659509624	4.04147960855696	1016.50234617083	1430.6496953848	FALSE	FALSE	FALSE	12.3384578816584	2.6648320822912	12.7854887301747	0	NA	NA	0	0	0	0
Inhib_2020-08-31_1_Rep2	14	2020-08-31	Rep2	Inhib	1	1	0.283611111111111	0.00314024061356944	4.02700821092707	0.121545850491077	3.3256617041967	4.72835471765743	1	0	NA	1	10170	1	1	6	3.6824922290096	0.399388989690063	2.98114572227924	4.38383873573997	0	0	FALSE	FALSE	FALSE	NA	NA	NA	1	NA	NA	1	0.983673308032891	1	1
Inhib_2020-08-31_3_Rep2	28	2020-08-31	Rep2	Inhib	3	2	0.474944444444444	0.00123603308118261	4.95775841869562	0.0181483333133238	4.25641191196525	5.65910492542598	2	0.532765842796815	0.768618639357995	2	87307	1	1	25	2.33418022741461	0.401187980568159	1.63283372068425	3.03552673414497	2.80261040738565	6.759072741987	FALSE	FALSE	FALSE	NA	NA	NA	2	NA	NA	2	0.97295975606248	1	1
Inhib_2020-08-31_10_Rep2	20	2020-08-31	Rep2	Inhib	10	9	1.27661111111111	0.0249571855606979	5.77272398730335	0.090583548564851	5.07137748057299	6.47407049403372	5	0.871323898517978	0.541383977465894	3	578213	0.979482488459747	0.6	18	2.05237417297312	0.468662142988084	1.35102766624276	2.75372067970348	0	0	FALSE	FALSE	FALSE	NA	NA	NA	3	NA	NA	3	0.982421875	1	1
Non_2020-08-31_1_Rep2	12	2020-08-31	Rep2	Non	1	1	0.0299444444444444	0.000726483157256779	4.55757360640672	0.0404786907274269	3.85622709967636	5.25892011313708	3	0.939430460219812	0.855106455580176	0	0	0	0	2	4.17572679494655	0.417064901984113	3.47438028821619	4.87707330167691	786.332405729344	884.317643954688	FALSE	TRUE	TRUE	5.65526410589202	2.01594685747737	5.46492174987655	3	NA	NA	0	0	0	0
Non_2020-08-31_3_Rep2	13	2020-08-31	Rep2	Non	3	2	0.449611111111111	0.000927960727138337	5.54432675639311	0.119431891729242	4.84298024966275	6.24567326312348	4	1.19943952179081	0.865212724966914	0	0	0	0	11	3.98972219104943	0.094704545834609	3.28837568431906	4.69106869777979	0.353270219418359	1.45657042904702	FALSE	FALSE	TRUE	7.53021498970155	5.40910622437193	4.69923536090244	5	NA	NA	1	0.0486852382192137	0.0488378166623138	0.2
Non_2020-08-31_10_Rep2	17	2020-08-31	Rep2	Non	10	8	0.285277777777778	0.00169148192751537	5.49202139911483	0.253845464444897	4.79067489238447	6.1933679058452	4	1.13790598479602	0.820825660631545	0	0	0	0	3	3.51504388703025	0.0715829623918827	2.81369738029989	4.21639039376062	0	0	FALSE	TRUE	TRUE	6.79288079742061	1.3806193986203	6.45606670703264	4	NA	NA	0	0	0	0
Con_2020-09-07_0_Rep3	16	2020-09-07	Rep3	Con	0	0	0.0152777777777778	0.00169148192751536	2.48616963737154	0.0405237631241639	1.78482313064117	3.1875161441019	0	0	0	0	0	0	0	20	3.61526676989582	0.638197985114723	2.91392026316546	4.31661327662618	166.154759866435	111.031965825214	FALSE	FALSE	FALSE	15.4405219464033	3.94558922694213	16.0636078258269	0	NA	NA	0	0	0	0
Non_2020-09-07_1_Rep3	28	2020-09-07	Rep3	Non	1	1	0.0162777777777778	0.000927960727138337	4.55963656870852	0.109725161912166	3.85829006197816	5.26098307543888	1	0	NA	0	0	0	0	6	2.74094502759389	0.463831360450751	2.03959852086352	3.44229153432425	26.0242394971524	36.5775852283329	FALSE	FALSE	TRUE	13.1856491446889	6.36785675804368	14.2630423660408	1	NA	NA	0	0	0	0
Non_2020-09-07_3_Rep3	15	2020-09-07	Rep3	Non	3	3	0.0632777777777778	0.000927960727138337	5.59784684551839	0.0437430558288554	4.89650033878803	6.29919335224875	3	0.992292629567187	0.903223675724747	0	0	0	0	25	2.47462923958992	0.565921379748755	1.77328273285956	3.17597574632028	74.4693622533901	78.7233631126268	FALSE	FALSE	TRUE	17.6117650929744	4.94765113779911	18.243380051581	3	NA	NA	0	0	0	0
Non_2020-09-07_10_Rep3	21	2020-09-07	Rep3	Non	10	10	0.131944444444444	0.00406543697255016	5.56989998069162	0.098061990111161	4.86855347396126	6.27124648742199	6	1.47658278042219	0.824096540736211	0	0	0	0	19	3.10212342715199	0.0691987721720386	2.40077692042163	3.80346993388236	71.6667518460044	81.0347263732131	FALSE	TRUE	FALSE	15.9689903800465	4.36094539806221	15.6197696036467	5	NA	NA	0	0	0	0
Con_2020-09-07_0_Rep4	14	2020-09-07	Rep4	Con	0	0	0.0239444444444444	0.00123603308118261	0.620744762892981	0.0952606333385963	-0.0806017438373823	1.32209126962334	0	0	0	0	0	0	0	5	3.96273197978357	0.0854808362125187	3.26138547305321	4.66407848651393	608.166458402685	527.704239036627	FALSE	FALSE	TRUE	16.3403157932709	4.34292354248111	16.5152522478947	0	NA	NA	0	0	0	0
Inhib_2020-09-07_1_Rep4	13	2020-09-07	Rep4	Inhib	1	1	0.0232777777777778	0.000927960727138337	3.92657912069999	0.155494849057424	3.22523261396963	4.62792562743035	1	0	NA	1	8346	1	1	11	2.35259570683408	0.435704275985682	1.65124920010372	3.05394221356444	5.63024412198009	18.2776375093688	FALSE	FALSE	FALSE	15.9721314461918	5.87733310192888	18.1541178528664	1	NA	NA	1	0.973695884762924	1	1
Inhib_2020-09-07_3_Rep4	23	2020-09-07	Rep4	Inhib	3	2	0.138277777777778	0.00422624077770199	4.10836106926841	0.057976600652218	3.40701456253805	4.80970757599878	2	0.418719898438188	0.604085120998304	2	12741	1	1	3	3.47466128745411	0.383043390310915	2.77331478072375	4.17600779418448	103.971841452566	82.160934113638	FALSE	FALSE	FALSE	14.0941943317375	5.18990544233383	13.865701943191	2	NA	NA	2	0.993122306927411	1	1
Inhib_2020-09-07_10_Rep4	26	2020-09-07	Rep4	Inhib	10	9	0.451944444444444	0.00891783481444784	5.14363956630839	0.1541940320183	4.44229305957803	5.84498607303875	4	1.10319004726412	0.795783405173003	3	120383	0.868182113211357	0.75	NA	NA	NA	NA	NA	NA	NA	NA	NA	NA	NA	NA	NA	NA	NA	NA	NA	NA	NA	NA
Non_2020-09-07_1_Rep4	10	2020-09-07	Rep4	Non	1	1	0.0579444444444444	0.000726483157256779	5.04779509345502	0.092292670317421	4.34644858672465	5.74914160018538	2	0.130908078819293	0.188860436124895	0	0	0	0	9	2.61902068446384	0.498989730103051	1.91767417773348	3.3203671911942	83.3276130053054	73.2871111129748	FALSE	TRUE	TRUE	15.3514114950491	4.29397888528162	16.5343556190481	2	NA	NA	0	0	0	0
Non_2020-09-07_3_Rep4	22	2020-09-07	Rep4	Non	3	3	0.0376111111111111	0.00669784376580338	5.56856758740704	0.149622315285288	4.86722108067668	6.26991409413741	2	0.201457831993681	0.290642215165525	0	0	0	0	8	2.28551983250115	0.0824219875163322	1.58417332577079	2.98686633923151	93.6872621897488	79.2127178092587	FALSE	TRUE	TRUE	13.0655111556475	5.07456851306374	11.6889358316793	2	NA	NA	0	0	0	0
Non_2020-09-07_10_Rep4	27	2020-09-07	Rep4	Non	10	10	0.374611111111111	0.00314024061356946	5.31253416989649	0.24576068765049	4.61118766316612	6.01388067662685	2	0.685925705942598	0.989581614381648	0	0	0	0	2	2.53941783504673	0.144503318359257	1.83807132831637	3.24076434177709	314.864699850163	372.724497378881	FALSE	TRUE	FALSE	15.6208371872293	3.66384505505855	15.7908272011835	2	NA	NA	0	0	0	0
Con_2020-09-14_0_Rep5	3	2020-09-14	Rep5	Con	0	0	0	0.00212785755580062	2.1172657181041	0.0105476908219441	1.41591921137374	2.81861222483447	0	0	0	0	0	0	0	12	2.84353868371372	0.447936081715606	2.14219217698335	3.54488519044408	14.1560423638357	23.8609685579172	FALSE	FALSE	FALSE	8.03068874150094	4.6122868759854	6.4096173934158	0	NA	NA	0	0	0	0
Inhib_2020-09-14_1_Rep5	5	2020-09-14	Rep5	Inhib	1	1	0.0396111111111111	0.00220479275922049	4.45655375552282	0.18536819889721	3.75520724879246	5.15790026225319	1	0	NA	0	0	0	0	18	2.77554760179004	0.148433179580933	2.07420109505967	3.4768941085204	96.4898725971344	77.1254353287378	FALSE	FALSE	FALSE	9.54115134243935	2.34554484741435	9.39522217899452	1	NA	NA	0	0	0	0
Inhib_2020-09-14_3_Rep5	15	2020-09-14	Rep5	Inhib	3	3	0.455944444444444	0.00274367960552572	4.88534172083389	0.129268515642527	4.18399521410353	5.58668822756426	2	0.562714846919925	0.811825919085969	1	56347	0.749654089723804	0.5	1	2.56178363533518	0.426517193619997	1.86043712860482	3.26313014206555	12.0111874602242	43.3069522670484	FALSE	TRUE	FALSE	10.077059656571	4.37607070701913	8.65251801826088	2	NA	NA	1	0.657955898191713	0.665710762524734	0.5
Inhib_2020-09-14_10_Rep5	11	2020-09-14	Rep5	Inhib	10	8	1.12161111111111	0.0150286762927116	5.34523062610708	0.0383405769880778	4.64388411937671	6.04657713283744	5	1.16475210644175	0.723701173834152	2	103464	0.471465286258498	0.4	17	1.8038718706755	0.468851115391525	1.10252536394514	2.50521837740586	0	0	FALSE	FALSE	FALSE	NA	NA	NA	5	NA	NA	2	0.292856932283836	0.294419252541419	0.4
Non_2020-09-14_1_Rep5	25	2020-09-14	Rep5	Non	1	1	0.0152777777777778	0.000927960727138327	4.5951435157046	0.180396010047732	3.89379700897424	5.29649002243497	3	0.949065344227895	0.863876504948332	0	0	0	0	8	2.59817783567094	0.165952109206443	1.89683132894058	3.29952434240131	228.67453049273	274.702158798079	FALSE	TRUE	FALSE	10.2837921457909	2.57814652281128	9.94839568531453	4	NA	NA	0	0	0	0
Non_2020-09-14_3_Rep5	13	2020-09-14	Rep5	Non	3	2	0.0282777777777778	0.00220479275922049	3.78193023117221	0.0490695722949705	3.08058372444185	4.48327673790257	2	0.679122008090602	0.979765953230866	0	0	0	0	14	3.69803348284058	0.313423581230206	2.99668697611022	4.39937998957095	78.8560568040806	136.94027975632	FALSE	FALSE	FALSE	8.2532347443467	2.04281640830879	8.0910534549174	3	NA	NA	0	0	0	0
Non_2020-09-14_10_Rep5	21	2020-09-14	Rep5	Non	10	8	0.00994444444444445	0.000726483157256779	5.44035346097201	0.0187450987648863	4.73900695424165	6.14169996770238	5	0.855549152721956	0.531582576819028	1	149476	0.547074238365028	0.2	4	2.81077874172013	0.397370090113269	2.10943223498977	3.5121252484505	2.57382588433376	9.63037463238738	FALSE	FALSE	FALSE	7.08576683129829	1.5393075419571	6.61829990469648	4	NA	NA	1	0.702095318273233	0.706639678019159	0.25
Con_2020-09-14_0_Rep6	9	2020-09-14	Rep6	Con	0	0	0.0226111111111111	0.000927960727138337	2.42267702356935	0.021061793127035	1.72133051683898	3.12402353029971	0	0	0	0	0	0	0	22	3.86188419887146	0.477360488726354	3.1605376921411	4.56323070560182	244.513459011707	395.790803296765	FALSE	TRUE	FALSE	16.0720314104675	7.19944565322435	16.8406398717805	0	NA	NA	0	0	0	0
Inhib_2020-09-14_1_Rep6	24	2020-09-14	Rep6	Inhib	1	1	0.0236111111111111	0.000927960727138337	2.22235282951666	0.0985878618918263	1.52100632278629	2.92369933624702	3	1.09141626712352	0.993449898914465	2	102	0.684563758389262	0.666666666666667	23	1.28288296303252	0.418364384214404	0.581536456302152	1.98422946976288	0	0	TRUE	FALSE	FALSE	NA	NA	NA	1	NA	NA	1	0.797124924073699	1	1
Inhib_2020-09-14_3_Rep6	26	2020-09-14	Rep6	Inhib	3	2	0.198944444444444	0.00308670986290869	4.85477375446369	0.216174252312111	4.15342724773332	5.55612026119405	2	0.630648702140516	0.909833755121183	2	69371	1	1	19	1.98748071674121	0.0128632975101085	1.28613421001085	2.68882722347157	0	0	FALSE	FALSE	FALSE	6.10847262632371	0.871519837001838	5.90749934350344	2	NA	NA	2	0.971894727739183	1	1
Inhib_2020-09-14_10_Rep6	10	2020-09-14	Rep6	Inhib	10	8	0.359944444444444	0.00367801274845232	5.54786450662739	0.141629635112475	4.84651799989702	6.24921101335775	6	0.934305476898844	0.521445815102276	4	147243	0.418206554154998	0.666666666666667	7	1.42612646606434	0.611861974820239	0.724779959333981	2.12747297279471	0	0	FALSE	FALSE	FALSE	14.9414070623041	5.94624090076144	16.4607058201087	4	NA	NA	2	0.4968864717879	0.507865480822679	0.5
Non_2020-09-14_1_Rep6	28	2020-09-14	Rep6	Non	1	1	0.0212777777777778	0.000927960727138337	5.1090548878989	0.178927102448143	4.40770838116853	5.81040139462926	1	0	NA	0	0	0	0	27	3.06451725924746	0.518970052279435	2.36317075251709	3.76586376597782	0	0	FALSE	FALSE	FALSE	NA	NA	NA	1	NA	NA	0	0	0	0
Non_2020-09-14_3_Rep6	2	2020-09-14	Rep6	Non	3	2	0.177944444444444	0.00212785755580062	5.27702233985402	0.090850813913611	4.57567583312365	5.97836884658438	2	0.691156237827975	0.997127676793893	0	0	0	0	20	NA	NA	NA	NA	0	0	FALSE	FALSE	FALSE	NA	NA	NA	2	NA	NA	0	0	0	0
Non_2020-09-14_10_Rep6	6	2020-09-14	Rep6	Non	10	8	0.219277777777778	0.00220479275922046	5.44532719559484	0.110346599844875	4.74398068886447	6.1466737023252	5	1.17032469758936	0.727163619390184	0	0	0	0	16	1.92075898330649	0.557898583356727	1.21941247657612	2.62210549003685	0	0	FALSE	FALSE	FALSE	11.3175352655989	2.03540675952341	11.3175352655989	6	NA	NA	0	0	0	0
Con_2020-09-19_0_Rep7	14	2020-09-19	Rep7	Con	0	0	0.0226111111111111	0.00136422546197874	2.59230219617466	0.510516606795266	1.8909556894443	3.29364870290502	0	0	0	0	0	0	0	17	3.25905972831788	0.425524602572895	2.55771322158752	3.96040623504825	221.456268797884	336.040563027516	FALSE	TRUE	TRUE	8.08662142971138	4.73975081025962	7.54699526275184	0	NA	NA	0	0	0	0
Inhib_2020-09-19_1_Rep7	20	2020-09-19	Rep7	Inhib	1	1	0.0222777777777778	0.000927960727138337	4.53247603434479	0.178254228196246	3.83112952761442	5.23382254107515	2	0.298292391567456	0.430344954049277	0	0	0	0	NA	NA	NA	NA	NA	NA	NA	NA	NA	NA	NA	NA	NA	NA	NA	NA	NA	NA	NA	NA
Inhib_2020-09-19_3_Rep7	10	2020-09-19	Rep7	Inhib	3	2	0.223944444444444	0.00187823794493078	5.37714075185464	0.022905189505937	4.67579424512427	6.078487258585	2	0.68623789130085	0.990032002649835	0	0	0	0	13	1.90031410397488	0.38494628842145	1.19896759724451	2.60166061070524	0	0	FALSE	FALSE	FALSE	12.7140450312035	5.5285950441826	15.357607350279	2	NA	NA	0	0	0	0
Inhib_2020-09-19_10_Rep7	5	2020-09-19	Rep7	Inhib	10	8	0.954611111111111	0.0240179331148854	5.80294735651415	0.0760478092247024	5.10160084978379	6.50429386324452	4	0.914125497175059	0.659402160762308	2	588221	0.933253052954905	0.5	19	1.48650206790534	0.392828921282239	0.785155561174981	2.18784857463571	0	0	TRUE	FALSE	FALSE	NA	NA	NA	2	NA	NA	2	0.990938945753529	1	1
Non_2020-09-19_1_Rep7	26	2020-09-19	Rep7	Non	1	1	0.0249444444444444	0.00123603308118261	5.15165834124781	0.00220853321771493	4.45031183451745	5.85300484797818	2	0.164549242660568	0.237394376368436	1	5427	0.0389364404043593	0.5	27	1.86538396090134	0.204218049045155	1.16403745417098	2.56673046763171	0	0	FALSE	FALSE	FALSE	4.80777724245632	2.7634122103464	3.40912749376571	1	NA	NA	0	0	0	0
Non_2020-09-19_3_Rep7	8	2020-09-19	Rep7	Non	3	3	0.0619444444444444	0.00187823794493078	5.76437269162462	0.0419514371091626	5.06302618489426	6.46571919835498	3	0.0804900098146911	0.073265164284911	1	3187	0.00553454270124584	0.333333333333333	22	1.55996500085257	0.284899330765219	0.85861849412221	2.26131150758294	0	0	FALSE	FALSE	TRUE	3.45810845428487	0.991757424029113	3.15554721170298	1	NA	NA	0	0	0	0
Non_2020-09-19_10_Rep7	21	2020-09-19	Rep7	Non	10	7	0	0.00187823794493077	4.24058863115555	0.0451499979336116	3.53924212442518	4.94193513788591	7	1.4839016771432	0.762574612123584	0	0	0	0	23	2.96311323555411	0.121376866745875	2.26176672882375	3.66445974228448	0	0	FALSE	FALSE	FALSE	3.75667681843133	1.40771993818605	3.44786757892214	6	NA	NA	1	0.0663069801661506	0.0676719957450802	0.166666666666667
Con_2020-09-19_0_Rep8	9	2020-09-19	Rep8	Con	0	0	0.0159444444444444	0.000726483157256779	2.57603157202804	0.06610376147291	1.87468506529768	3.2773780787584	0	0	0	0	0	0	0	11	4.21404838306853	0.140817699706494	3.51270187633817	4.9153948897989	454.212536324794	687.9171340357	FALSE	FALSE	FALSE	10.6802282253586	3.37831632333178	10.5183452485358	0	NA	NA	0	0	0	0
Inhib_2020-09-19_1_Rep8	12	2020-09-19	Rep8	Inhib	1	1	0.968611111111111	0.0135963638930088	5.21675034153531	0.0942625228262917	4.51540383480495	5.91809684826568	1	0	NA	0	0	0	0	3	0.774881512348529	0.377771816144527	0.0735350056181655	1.47622801907889	0	0	FALSE	FALSE	FALSE	NA	NA	NA	1	NA	NA	0	0	0	0
Inhib_2020-09-19_3_Rep8	25	2020-09-19	Rep8	Inhib	3	3	0.667277777777778	0.0104336528172597	5.6141384388807	0.156209156374053	4.91279193215034	6.31548494561107	3	0.74712314061432	0.680060789707792	2	277237	0.677753249578905	0.666666666666667	16	1.99645534041769	0.232832790295332	1.29510883368733	2.69780184714806	0	0	FALSE	FALSE	FALSE	7.45175546820493	1.40084445721792	7.30408183767836	3	NA	NA	2	0.709304493753496	0.710990067286127	0.666666666666667
Inhib_2020-09-19_10_Rep8	4	2020-09-19	Rep8	Inhib	10	8	0.879277777777778	0.0152925181415982	5.60926585909058	0.0558006912645198	4.90791935236022	6.31061236582094	4	0.784547059603707	0.565931076117143	3	395966	0.981856413486311	0.75	24	2.02216804652102	0.353924794641048	1.32082153979066	2.72351455325138	1.12604882439602	4.50419529758408	FALSE	FALSE	FALSE	7.61101025774839	2.25567917536065	7.52915252015163	3	NA	NA	3	0.989490173739675	1	1
Non_2020-09-19_1_Rep8	18	2020-09-19	Rep8	Non	1	1	0.0462777777777778	0.00169148192751536	5.50711121034741	0.0995314691966658	4.80576470361704	6.20845771707777	1	0	NA	0	0	0	0	6	2.34390986299309	0.516622259139085	1.64256335626273	3.04525636972345	2.40223749204484	6.7336147504275	FALSE	FALSE	TRUE	12.4319955543126	5.77564990559871	11.1903087531453	2	NA	NA	0	0	0	0
Non_2020-09-19_10_Rep8	28	2020-09-19	Rep8	Non	10	6	0.148611111111111	0.00220479275922049	5.19274977816286	0.169117329322683	4.4914032714325	5.89409628489323	2	0.682238688602788	0.984262372749833	0	0	0	0	2	2.42860023830172	0.522008728526765	1.72725373157136	3.12994674503209	4.00372915340807	12.5701429258588	FALSE	FALSE	FALSE	8.28128582984039	2.5073956171222	7.74859885984875	3	NA	NA	0	0	0	0
Con_2020-09-28_0_Rep9	11	2020-09-28	Rep9	Con	0	0	0.0186111111111111	0.000927960727138337	0.990880946073972	0.135940209126516	0.289534439343609	1.69222745280434	0	0	0	0	0	0	0	15	4.46880353612974	0.954394686822646	3.76745702939937	5.1701500428601	498.019420804481	934.48856300457	FALSE	TRUE	TRUE	7.94220136967683	2.46033278484113	7.97202102806004	0	NA	NA	0	0	0	0
Inhib_2020-09-28_1_Rep9	17	2020-09-28	Rep9	Inhib	1	1	0.341944444444444	0.00441902452785426	5.17675591330975	0.135567004251106	4.47540940657938	5.87810242004011	1	0	NA	0	0	0	0	14	2.43744627783146	0.5175731682732	1.7360997711011	3.13879278456183	0	0	FALSE	FALSE	FALSE	15.9229507707095	3.15136973658997	15.9229507707095	1	NA	NA	0	0	0	0
Inhib_2020-09-28_3_Rep9	8	2020-09-28	Rep9	Inhib	3	3	0.657277777777778	0.00169148192751537	5.38438880706921	0.00624836625496211	4.68304230033885	6.08573531379958	2	0.459725946850566	0.663244343689294	1	41638	0.172434785129477	0.5	7	2.47590866712126	0.233052214251784	1.77456216039089	3.17725517385162	0	0	FALSE	FALSE	FALSE	16.6014598466533	5.97477321085679	16.6014598466533	2	NA	NA	1	0.211854792966535	0.213435347153878	0.5
Inhib_2020-09-28_10_Rep9	9	2020-09-28	Rep9	Inhib	10	10	0.649277777777778	0.0133364579672082	5.80577480676612	0.0841377161450209	5.10442830003576	6.50712131349649	4	1.20889503090645	0.872033433022024	3	604536	0.950996323662431	0.75	13	1.36581332374355	0.527172750399538	0.66446681701319	2.06715983047392	0	0	TRUE	FALSE	FALSE	NA	NA	NA	5	NA	NA	3	0.956284999096797	0.958635140728477	0.6
Non_2020-09-28_1_Rep9	19	2020-09-28	Rep9	Non	1	1	0.0149444444444445	0.00187823794493076	4.88480776340859	0.334880088377653	4.18346125667822	5.58615427013895	1	0	NA	0	0	0	0	12	3.71782536239611	0.438851584368932	3.01647885566575	4.41917186912648	221.406222183466	359.031097167646	FALSE	FALSE	TRUE	5.7715137188704	2.82013397854202	5.31577969488134	1	NA	NA	0	0	0	0
Non_2020-09-28_3_Rep9	28	2020-09-28	Rep9	Non	3	3	1.06227777777778	0.0130713852024607	5.80932305994254	0.0417655257556901	5.10797655321218	6.5106695666729	2	0.681114382582879	0.982640342030468	0	0	0	0	26	2.71384370433343	0.510233048186632	2.01249719760307	3.41519021106379	0	0	FALSE	FALSE	FALSE	NA	NA	NA	3	NA	NA	0	0	0	0
Non_2020-09-28_10_Rep9	2	2020-09-28	Rep9	Non	10	10	1.26061111111111	0.021560638003341	5.99263622974963	0.162457522629016	5.29128972301926	6.69398273647999	3	0.874071107381303	0.795613808799621	0	0	0	0	20	2.54458428775566	0.822706590260356	1.8432377810253	3.24593079448602	0	0	FALSE	FALSE	FALSE	5.00154491269536	2.88202100092281	4.25016068165483	3	NA	NA	0	0	0	0
Inhib_2020-08-31_10_Rep1	NA	2020-08-31	Rep1	Inhib	10	9	NA	NA	NA	NA	NA	NA	NA	NA	NA	NA	NA	NA	NA	22	3.2692433789418	0.342488400753265	2.56789687221144	3.97058988567216	90.4592555598135	157.027902214312	FALSE	FALSE	TRUE	10.1080026504538	3.83523210996753	8.84573358690715	1	NA	NA	1	0.896948433420366	1	1
Non_2020-10-05_0_Rep13	NA	2020-10-05	Rep13	Con	0	0	NA	NA	NA	NA	NA	NA	NA	NA	NA	NA	NA	NA	NA	29	NA	NA	NA	NA	695.361959750837	654.273446532348	FALSE	FALSE	FALSE	10.3697445949574	3.43690327035409	10.5609641907793	0	NA	NA	0	0	0	0
Non_2020-09-19_3_Rep8	NA	2020-09-19	Rep8	Non	3	3	NA	NA	NA	NA	NA	NA	NA	NA	NA	NA	NA	NA	NA	1	1.91536257238803	0.359627225887282	1.21401606565767	2.61670907911839	0	0	FALSE	FALSE	FALSE	NA	NA	NA	2	NA	NA	0	0	0	0
