SampleID	sampleID_qPCR	JarID	DateStart	Rep	Inhibitory	RichLevel	introRich	Type	volPellet	cClean	CV	CV_sd	qPCR_log10	qPCR_sd	qPCR_lwr_95_total	qPCR_upr_95_total	Micro_Bd_density	Micro_Bd_density_sd	Micro_Bd_truezero	clouds_present	pinpricks_present	Micro_Bd_meansize	Micro_Bd_meansize_sd	Micro_Bd_medsize	ISO_13C	ISO_20A	ISO_20D	ISO_2E	ISO_2F	ISO_2H	ISO_32E	ISO_33B	ISO_33D	ISO_34B	ISO_34F	ISO_35A	ISO_35E	ISO_37E	ISO_37H	ISO_45D	ISO_50A	ISO_50B	ISO_BTB_45	ISO_BTB_47	ISO_20C	ISO_21C	ISO_24C	ISO_24D	ISO_24L	ISO_25A	ISO_25C	ISO_32G	ISO_35B	ISO_36A	ISO_36E	ISO_36G	ISO_40A	ISO_40B	ISO_45E	ISO_47C	ISO_49C	ISO_54G	ISO_BTB_28	ISO_BTB_59	obsRich_mergedASVfilt	shannon_mergedASVfilt	pielou_mergedASVfilt
Con_2020-08-31_0_Rep1	R1_J7_Bd	7	2020-08-31	Rep1	Con	0	0	Bd	1	TRUE	NA	NA	2.63392835170919	0.481944419312679	1.93258184497882	3.33527485843955	67.5629294637612	67.126264473148	FALSE	FALSE	TRUE	10.4610010919148	3.35322492759411	10.8452359295429	0	0	0	0	0	0	0	0	0	0	0	0	0	0	0	0	0	0	0	0	0	0	0	0	0	0	0	0	0	0	0	0	0	0	0	0	0	0	0	0	0	NA	NA
Con_2020-08-31_0_Rep1	R1_J15_Pre	15	2020-08-31	Rep1	Con	0	0	CV	1	TRUE	0.0516111111111111	0.00169148192751537	2.34346961453486	0.0686058496848972	1.6421231078045	3.04481612126522	NA	NA	NA	NA	NA	NA	NA	NA	0	0	0	0	0	0	0	0	0	0	0	0	0	0	0	0	0	0	0	0	0	0	0	0	0	0	0	0	0	0	0	0	0	0	0	0	0	0	0	0	0	0	0
Inhib_2020-08-31_1_Rep1	R1_J23_Bd	23	2020-08-31	Rep1	Inhib	1	1	Bd	1	TRUE	NA	NA	1.77913255572576	0.548248248642037	1.0777860489954	2.48047906245612	3.00279686505605	11.2354370711186	FALSE	FALSE	FALSE	NA	NA	NA	0	0	0	0	0	0	0	0	0	0	0	0	0	0	0	0	0	0	0	0	0	0	0	0	0	0	0	0	0	0	0	0	0	0	0	0	0	0	0	0	0	NA	NA
Inhib_2020-08-31_1_Rep1	R1_J9_Pre	9	2020-08-31	Rep1	Inhib	1	1	CV	1	TRUE	0.0879444444444444	0.00367801274845232	4.55715859866234	0.036668879805894	3.85581209193198	5.25850510539271	NA	NA	NA	NA	NA	NA	NA	NA	0	0	0	0	0	0	0	0	0	0	0	0	0	0	0	0	0	0	0	22480	0	0	0	0	0	0	0	0	0	0	0	0	0	0	0	0	0	0	0	0	1	0	NA
Inhib_2020-08-31_3_Rep1	R1_J4_Bd	4	2020-08-31	Rep1	Inhib	3	3	Bd	1	TRUE	NA	NA	3.62398795070118	0.369692004078776	2.92264144397081	4.32533445743154	0.400372915340807	1.55063763338746	FALSE	FALSE	TRUE	9.61740796150933	5.98097974681865	9.09916841182912	0	0	0	0	0	0	0	0	0	0	0	0	0	0	0	0	0.297372776168804	0	0	0.098960488208523	0	0	0	0	0	0	0	0	0	0	0	0	0	0	0	0	0	0	0	0	2	NA	NA
Inhib_2020-08-31_3_Rep1	R1_J8_Pre	8	2020-08-31	Rep1	Inhib	3	3	CV	1	TRUE	0.430611111111111	0.00573246117397328	5.67150856661325	0.040282806815253	4.97016205988288	6.37285507334361	NA	NA	NA	NA	NA	NA	NA	NA	0	0	0	0	0	0	0	0	0	0	0	0	0	0	0	0	193627	0	0	9360	0	0	0	0	0	0	0	0	0	0	0	0	0	0	0	0	0	0	0	0	2	0.186902038013045	0.26964264337346
Inhib_2020-08-31_10_Rep1	R1_J22_Bd	22	2020-08-31	Rep1	Inhib	10	9	Bd	1	TRUE	NA	NA	3.2692433789418	0.342488400753265	2.56789687221144	3.97058988567216	90.4592555598135	157.027902214312	FALSE	FALSE	TRUE	10.1080026504538	3.83523210996753	8.84573358690715	0.896948433420366	0	0	0	0	0	0	0	0	0	0	0	0	0	0	0	0	0	0	0	0	0	0	0	0	0	0	0	0	0	0	0	0	0	0	0	0	0	0	0	1	NA	NA
Non_2020-08-31_1_Rep1	R1_J21_Bd	21	2020-08-31	Rep1	Non	1	1	Bd	1	TRUE	NA	NA	4.01927531772545	0.161917602385093	3.31792881099508	4.72062182445581	1681.56624443139	1404.29860118009	FALSE	TRUE	TRUE	10.9069624854397	2.25779855963747	10.9731897277004	0	0	0	0	0	0	0	0	0	0	0	0	0	0	0	0	0	0	0	0	0	0	0	0	0	0	0	0	0	0	0	0	0	0	0	0	0	0	0	0	0	NA	NA
Non_2020-08-31_1_Rep1	R1_J1_Pre	1	2020-08-31	Rep1	Non	1	1	CV	1	FALSE	0.0316111111111111	0.000927960727138337	3.2148700925713	0.0572005421598683	2.51352358584093	3.91621659930166	NA	NA	NA	NA	NA	NA	NA	NA	0	0	0	0	0	0	0	0	0	0	0	0	0	0	0	0	0	0	0	0	0	0	0	0	0	0	0	0	0	0	0	0	0	0	0	0	0	0	0	0	0	0	0
Non_2020-08-31_3_Rep1	R1_J16_Bd	16	2020-08-31	Rep1	Non	3	3	Bd	1	TRUE	NA	NA	4.17498400006562	0.288921311415825	3.47363749333526	4.87633050679599	1922.67971122552	1164.5057075923	FALSE	FALSE	FALSE	9.27252038495397	1.82472922489103	9.32971797993778	0	0	0	0	0	0	0	0	0	0	0	0	0	0	0	0	0	0	0	0	0	0	0	0.978219598909254	0	0	0	0	0	0	0	0	0	0	0	0	0	0	0	0	1	NA	NA
Non_2020-08-31_3_Rep1	R1_J24_Pre	24	2020-08-31	Rep1	Non	3	3	CV	1	TRUE	0.0346111111111111	0.000927960727138337	4.17130762024905	0.0180521956753628	3.46996111351869	4.87265412697942	NA	NA	NA	NA	NA	NA	NA	NA	0	0	0	0	0	0	0	0	0	0	0	0	0	0	0	0	0	0	0	0	0	0	0	14503	0	0	0	0	0	0	0	0	0	0	0	0	0	0	0	0	1	0	NA
Non_2020-08-31_10_Rep1	R1_J26_Bd	26	2020-08-31	Rep1	Non	10	9	Bd	1	TRUE	NA	NA	3.71160353899176	0.3749789120059	3.01025703226139	4.41295004572212	17.2660819740723	48.8358545935573	FALSE	TRUE	TRUE	13.5874316583092	3.46339476430156	13.6082912897549	0	0	0	0	0	0	0	0	0	0	0	0	0	0	0	0	0	0	0	0	0.167279411764706	0	0	0	0	0	0.0264625080801551	0	0.0999515190691661	0	0	0	0	0	0	0	0.019715578539108	0	0.223800096961862	0	5	NA	NA
Non_2020-08-31_10_Rep1	R1_J5_Pre	5	2020-08-31	Rep1	Non	10	9	CV	1	TRUE	0.0289444444444444	0.00123603308118261	5.43446244477172	0.056235296294659	4.73311593804135	6.13580895150208	NA	NA	NA	NA	NA	NA	NA	NA	0	0	0	0	0	0	0	0	0	0	0	0	0	0	0	0	0	0	0	0	13133	0	0	0	0	0	61271	0	7194	0	0	0	0	0	0	0	2342	0	78740	0	5	1.12112206455592	0.69659230461419
Con_2020-09-28_0_Rep10	R10_J23_Bd	23	2020-09-28	Rep10	Con	0	0	Bd	1	TRUE	NA	NA	4.1144697350355	0.23723271575282	3.41312322830514	4.81581624176586	1134.05628270284	718.524386574095	FALSE	FALSE	TRUE	7.64616646977291	1.75476047940568	7.65182137552806	0	0	0	0	0	0	0	0	0	0	0	0	0	0	0	0	0	0	0	0	0	0	0	0	0	0	0	0	0	0	0	0	0	0	0	0	0	0	0	0	0	NA	NA
Con_2020-09-28_0_Rep10	R10_J24_Pre	24	2020-09-28	Rep10	Con	0	0	CV	1	TRUE	0.0339444444444444	0.00123603308118261	2.33615468305341	0.361016317977541	1.63480817632304	3.03750118978377	NA	NA	NA	NA	NA	NA	NA	NA	0	0	0	0	0	0	0	0	0	0	0	0	0	0	0	0	0	0	0	0	0	0	0	0	0	0	0	0	0	0	0	0	0	0	0	0	0	0	0	0	0	0	0
Inhib_2020-09-28_1_Rep10	R10_J16_Bd	16	2020-09-28	Rep10	Inhib	1	1	Bd	1	TRUE	NA	NA	3.04402137385289	0.434910807859691	2.34267486712252	3.74536788058325	0	0	FALSE	FALSE	FALSE	NA	NA	NA	0	0	0	0	0	0	0	0	0	0	0	0	0	0	0	0	0	0	0	0	0	0	0	0	0	0	0	0	0	0	0	0	0	0	0	0	0	0	0	0	0	NA	NA
Inhib_2020-09-28_1_Rep10	R10_J18_Pre	18	2020-09-28	Rep10	Inhib	1	1	CV	1	TRUE	0.535611111111111	0.00136422546197874	5.46980854197349	0.135381268857513	4.76846203524312	6.17115504870385	NA	NA	NA	NA	NA	NA	NA	NA	0	0	0	0	0	0	0	0	0	0	0	0	0	0	0	0	0	0	0	0	0	0	0	0	0	0	0	0	0	0	0	0	0	0	0	0	0	0	0	0	0	0	0
Inhib_2020-09-28_3_Rep10	R10_J25_Bd	25	2020-09-28	Rep10	Inhib	3	3	Bd	1	TRUE	NA	NA	3.02925450777535	0.443682366906266	2.32790800104498	3.73060101450571	0	0	FALSE	FALSE	FALSE	NA	NA	NA	0	0	0	0	0	0	0	0	0	0	0	0	0	0	0	0	0	0	0.976864952268416	0	0	0	0	0	0	0	0	0	0	0	0	0	0	0	0	0	0	0	0	0	1	NA	NA
Inhib_2020-09-28_3_Rep10	R10_J4_Pre	4	2020-09-28	Rep10	Inhib	3	3	CV	1	TRUE	0.564277777777778	0.00169148192751537	4.80854197349042	0.0583180850463124	4.10719546676006	5.50988848022079	NA	NA	NA	NA	NA	NA	NA	NA	0	0	0	0	0	0	0	0	0	0	0	0	0	0	0	0	0	0	40204	0	0	0	0	0	0	0	0	0	0	0	0	0	0	0	0	0	0	0	0	0	1	0	NA
Inhib_2020-09-28_10_Rep10	R10_J3_Bd	3	2020-09-28	Rep10	Inhib	10	10	Bd	1	TRUE	NA	NA	2.48343649007777	0.391973470207919	1.78208998334741	3.18478299680813	0	0	TRUE	FALSE	FALSE	NA	NA	NA	0	0	0	0	0	0	0	0	0	0	0	0	0	0	0	0	0	0.023440657416139	0.34993937761013	0	0	0	0	0	0	0	0	0	0	0	0	0	0	0	0	0	0	0	0	0	2	NA	NA
Inhib_2020-09-28_10_Rep10	R10_J5_Pre	5	2020-09-28	Rep10	Inhib	10	10	CV	1	TRUE	0.369277777777778	0.00169148192751537	5.22385861561119	0.0124967325099242	4.52251210888082	5.92520512234155	NA	NA	NA	NA	NA	NA	NA	NA	1710	0	0	0	0	0	0	0	0	0	0	0	0	0	0	0	0	7473	14213	0	0	0	0	0	0	0	0	0	0	0	0	0	0	0	0	0	0	0	0	0	3	0.858525206648615	0.781463320139481
Non_2020-09-28_1_Rep10	R10_J21_Pre	21	2020-09-28	Rep10	Non	1	1	CV	1	TRUE	0.00894444444444445	0.00441902452785429	1.43189508512358	0.0763832184517643	0.730548578393212	2.13324159185394	NA	NA	NA	NA	NA	NA	NA	NA	0	0	0	0	0	0	0	0	0	0	0	0	0	0	0	0	0	0	0	0	0	0	0	0	0	0	0	0	0	0	0	0	4	0	0	0	0	0	0	0	1	0	NA
Non_2020-09-28_3_Rep10	R10_J27_Bd	27	2020-09-28	Rep10	Non	3	3	Bd	1	FALSE	NA	NA	1.56330040031687	0.518383913876077	0.86195389358651	2.26464690704724	0	0	TRUE	FALSE	FALSE	NA	NA	NA	0	0	0	0	0	0	0	0	0	0	0	0	0	0	0	0	0	0	0	0	0	0	0	0	0	0	0	0.678524089052398	0	0	0	0	0	0	0	0	0	0	0	0.296940514512944	2	NA	NA
Non_2020-09-28_3_Rep10	R10_J10_Pre	10	2020-09-28	Rep10	Non	3	3	CV	1	TRUE	1.02461111111111	0.0134484612915795	6.08394698085419	0.133298480105858	5.38260047412383	6.78529348758456	NA	NA	NA	NA	NA	NA	NA	NA	0	0	0	0	0	0	0	0	0	0	0	0	0	0	0	0	0	0	0	0	0	0	0	0	0	0	0	1038187	0	0	0	0	3979	0	0	0	0	0	0	168274	3	0.424762800264845	0.386635762812922
Non_2020-09-28_10_Rep10	R10_J6_Bd	6	2020-09-28	Rep10	Non	10	10	Bd	1	TRUE	NA	NA	1.87663079778369	0.402290283593488	1.17528429105333	2.57797730451406	0	0	FALSE	FALSE	FALSE	5.247172410155	0.811674759701063	4.98636775676773	0	0	0	0	0	0	0	0	0	0	0	0	0	0	0	0	0	0	0	0	0	0	0	0	0	0	0	0.420617477760335	0	0	0	0	0	0	0.0412087912087912	0	0	0.197043432757718	0	0.325457875457875	4	NA	NA
Non_2020-09-28_10_Rep10	R10_J22_Pre	22	2020-09-28	Rep10	Non	10	10	CV	1	FALSE	0.892611111111111	0.00498609176721716	5.91246550481089	0.00227358046979598	5.21111899808053	6.61381201154125	NA	NA	NA	NA	NA	NA	NA	NA	0	0	0	0	0	0	0	0	0	0	0	0	0	0	0	0	0	0	0	0	0	0	0	0	0	0	8055	490035	0	0	0	0	0	0	11612	0	0	160374	0	145372	5	1.03944123027268	0.645841148790037
Con_2020-10-05_0_Rep11	R11_J2_Bd	2	2020-10-05	Rep11	Con	0	0	Bd	1	TRUE	NA	NA	2.50657598611867	0.492480656654701	1.80522947938831	3.20792249284903	1120.04323066591	942.573423922688	FALSE	FALSE	TRUE	10.4551369135387	3.10430829525725	10.3195053371134	0	0	0	0	0	0	0	0	0	0	0	0	0	0	0	0	0	0	0	0	0	0	0	0	0	0	0	0	0	0	0	0	0	0	0	0	0	0	0	0	0	NA	NA
Con_2020-10-05_0_Rep11	R11_J15_Pre	15	2020-10-05	Rep11	Con	0	0	CV	1	TRUE	0.00361111111111112	0.000927960727138337	1.53486278988903	0.148358351330635	0.833516283158665	2.23620929661939	NA	NA	NA	NA	NA	NA	NA	NA	0	0	0	0	0	0	0	0	0	0	0	0	0	0	0	0	0	0	0	0	0	0	0	0	0	0	0	0	0	0	0	0	0	0	0	0	0	0	0	0	0	0	0
Inhib_2020-10-05_1_Rep11	R11_J8_Bd	8	2020-10-05	Rep11	Inhib	1	1	Bd	1	TRUE	NA	NA	2.13294252537344	0.544475063658589	1.43159601864308	2.83428903210381	0	0	FALSE	FALSE	FALSE	NA	NA	NA	0	0	0	0	0	0	0	0	0	0	0	0	0	0	0	0	0	0	0	0	0	0	0	0	0	0	0	0	0	0	0	0	0	0	0	0	0	0	0	0	0	NA	NA
Inhib_2020-10-05_1_Rep11	R11_J6_Pre	6	2020-10-05	Rep11	Inhib	1	1	CV	1	TRUE	1.08994444444444	0.0147488229285519	5.16176680404828	0.253473009165274	4.46042029731792	5.86311331077864	NA	NA	NA	NA	NA	NA	NA	NA	0	0	0	0	0	0	0	0	0	0	0	0	0	0	0	0	0	0	0	0	0	0	0	0	0	0	0	0	0	0	0	0	0	0	0	0	0	0	0	0	0	0	0
Inhib_2020-10-05_3_Rep11	R11_J11_Bd	11	2020-10-05	Rep11	Inhib	3	2	Bd	1	TRUE	NA	NA	1.06940563843447	0.0783339205166373	0.368059131704105	1.77075214516483	0	0	FALSE	FALSE	FALSE	NA	NA	NA	0	0	0	0	0	0	0	0	0	0	0	0	0	0	0	0	0.398167878561543	0	0	0	0	0	0	0	0	0	0	0	0	0	0	0	0	0	0	0	0	0	0	0	1	NA	NA
Inhib_2020-10-05_3_Rep11	R11_J4_Pre	4	2020-10-05	Rep11	Inhib	3	2	CV	1	TRUE	1.05827777777778	0.0172586532241398	5.22179365167912	0.0356084475897633	4.52044714494875	5.92314015840948	NA	NA	NA	NA	NA	NA	NA	NA	0	0	0	0	0	0	0	0	0	0	0	0	0	0	0	0	65664	0	0	0	0	0	0	0	0	0	0	0	0	0	0	0	0	0	0	0	0	0	0	0	1	0	NA
Inhib_2020-10-05_10_Rep11	R11_J26_Bd	26	2020-10-05	Rep11	Inhib	10	9	Bd	1	TRUE	NA	NA	1.99097631189426	0.297103708500587	1.2896298051639	2.69232281862463	6.40596664545291	14.9652886454455	FALSE	FALSE	TRUE	4.44112166461928	1.87550810965338	4.18994142537913	0	0	0	0	0	0	0	0	0	0	0	0	0	0	0	0	0.323131253678634	0	0	0	0	0	0	0	0	0	0	0	0	0	0	0	0	0	0	0	0	0	0	0	1	NA	NA
Inhib_2020-10-05_10_Rep11	R11_J13_Pre	13	2020-10-05	Rep11	Inhib	10	9	CV	1	FALSE	0.257277777777778	0.00456739653534824	5.539807666558	0.107888641465745	4.83846115982763	6.24115417328836	NA	NA	NA	NA	NA	NA	NA	NA	0	0	0	0	0	0	0	0	0	0	0	0	0	0	0	0	104914	0	0	0	0	0	0	0	0	0	0	0	0	0	0	0	0	0	0	0	0	0	0	0	1	0	NA
Non_2020-10-05_1_Rep11	R11_J21_Bd	21	2020-10-05	Rep11	Non	1	1	Bd	1	TRUE	NA	NA	4.46014484849236	0.539687906750393	3.75879834176199	5.16149135522272	307.48639898174	548.725754914967	FALSE	FALSE	TRUE	4.43992846151146	0.985172766617229	4.45748559295506	0	0	0	0	0	0	0	0	0	0	0	0	0	0	0	0	0	0	0	0	0	0	0	0	0	0.758272274080765	0	0	0	0	0	0	0	0	0	0	0	0	0	0	1	NA	NA
Non_2020-10-05_1_Rep11	R11_J16_Pre	16	2020-10-05	Rep11	Non	1	1	CV	1	TRUE	0.0179444444444444	0.00123603308118261	3.43228516016659	0.0649134054226289	2.73093865343623	4.13363166689695	NA	NA	NA	NA	NA	NA	NA	NA	0	0	0	0	0	0	0	0	0	0	0	0	0	0	0	0	0	0	0	0	0	0	0	0	0	2674	0	0	0	0	0	0	0	0	0	0	0	0	0	0	1	0	NA
Non_2020-10-05_3_Rep11	R11_J25_Bd	25	2020-10-05	Rep11	Non	3	3	Bd	1	TRUE	NA	NA	2.78541803853632	0.255593706408062	2.08407153180596	3.48676454526669	123.314857924968	264.20582377787	FALSE	FALSE	TRUE	4.06969259320176	0.891029522975887	4.01582922788634	0	0	0.675844260370905	0	0	0	0	0	0	0	0	0	0	0	0	0	0	0	0	0	0	0	0	0	0	0.191086220195178	0	0.123142962540662	0	0	0	0	0	0	0	0	0	0	0	0	3	NA	NA
Non_2020-10-05_3_Rep11	R11_J28_Pre	28	2020-10-05	Rep11	Non	3	3	CV	1	TRUE	0.0399444444444444	0.00123603308118261	5.53893396604352	0.0545272964991393	4.83758745931315	6.24028047277388	NA	NA	NA	NA	NA	NA	NA	NA	0	0	252078	0	0	0	0	0	0	0	0	0	0	0	0	0	0	0	0	0	0	0	0	0	0	42589	0	49957	0	0	0	0	0	0	0	0	0	0	0	0	3	0.767090349365763	0.698235726359602
Non_2020-10-05_10_Rep11	R11_J24_Bd	24	2020-10-05	Rep11	Non	10	9	Bd	1	FALSE	NA	NA	1.4815668495322	0.339248657868674	0.780220342801838	2.18291335626256	0	0	TRUE	FALSE	FALSE	NA	NA	NA	0	0	0.325259515570934	0	0	0	0	0	0	0	0	0	0	0	0	0	0	0	0	0	0	0	0	0	0	0	0	0.441522491349481	0	0	0	0	0	0	0	0	0	0.100653594771242	0	0.130565167243368	4	NA	NA
Non_2020-10-05_10_Rep11	R11_J10_Pre	10	2020-10-05	Rep11	Non	10	9	CV	1	TRUE	0.891611111111111	0.00899228064014412	6.12707984771346	0.129402820006801	5.4257333409831	6.82842635444383	NA	NA	NA	NA	NA	NA	NA	NA	0	0	624974	0	0	0	0	0	0	0	0	0	0	0	0	0	0	0	0	0	0	0	0	0	0	0	0	417963	0	0	0	0	0	0	0	0	0	209678	0	82550	4	1.1817124728095	0.852425362139449
Con_2020-10-05_0_Rep12	R12_J12_Bd	12	2020-10-05	Rep12	Con	0	0	Bd	1	TRUE	NA	NA	4.76776562116309	0.415519647645119	4.06641911443273	5.46911212789345	235.344204298768	465.621231753151	FALSE	FALSE	FALSE	7.12935968990865	2.29185469096191	7.22194703886111	0	0	0	0	0	0	0	0	0	0	0	0	0	0	0	0	0	0	0	0	0	0	0	0	0	0	0	0	0	0	0	0	0	0	0	0	0	0	0	0	0	NA	NA
Con_2020-10-05_0_Rep12	R12_J22_Pre	22	2020-10-05	Rep12	Con	0	0	CV	1	TRUE	0.0199444444444444	0.000726483157256779	0.750217726636308	0.577027109799542	0.0488712199059443	1.45156423336667	NA	NA	NA	NA	NA	NA	NA	NA	0	0	0	0	0	0	0	0	0	0	0	0	0	0	0	0	0	0	0	0	0	0	0	0	0	0	0	0	0	0	0	0	0	0	0	0	0	0	0	0	0	0	0
Inhib_2020-10-05_1_Rep12	R12_J5_Bd	5	2020-10-05	Rep12	Inhib	1	1	Bd	1	TRUE	NA	NA	1.21989032256601	0.17485670482504	0.518543815835644	1.92123682929637	0	0	TRUE	FALSE	FALSE	NA	NA	NA	0.899054524774294	0	0	0	0	0	0	0	0	0	0	0	0	0	0	0	0	0	0	0	0	0	0	0	0	0	0	0	0	0	0	0	0	0	0	0	0	0	0	0	1	NA	NA
Inhib_2020-10-05_1_Rep12	R12_J1_Pre	1	2020-10-05	Rep12	Inhib	1	1	CV	1	TRUE	0.0239444444444444	0.00123603308118261	1.78645066273932	0.0583180850463136	1.08510415600896	2.48779716946968	NA	NA	NA	NA	NA	NA	NA	NA	56	0	0	0	0	0	0	0	0	0	0	0	0	0	0	0	0	0	0	0	0	0	0	0	0	0	0	0	0	0	0	0	0	0	0	0	0	0	0	0	1	0	NA
Inhib_2020-10-05_3_Rep12	R12_J19_Bd	19	2020-10-05	Rep12	Inhib	3	3	Bd	1	TRUE	NA	NA	3.30196705165409	0.0772414440562878	2.60062054492372	4.00331355838445	25.6238665818116	99.2408085367972	FALSE	FALSE	FALSE	9.32750660978328	2.69714287897849	8.99759084186326	0.3247308934338	0	0	0	0	0	0	0	0	0	0	0	0	0	0	0	0.645936490850377	0	0	0	0	0	0	0	0	0	0	0	0	0	0	0	0	0	0	0	0	0	0	0	2	NA	NA
Inhib_2020-10-05_3_Rep12	R12_J7_Pre	7	2020-10-05	Rep12	Inhib	3	3	CV	1	TRUE	0.0306111111111111	0.000927960727138337	2.86078122536192	0.235597142756988	2.15943471863155	3.56212773209228	NA	NA	NA	NA	NA	NA	NA	NA	0	0	0	0	0	0	0	0	0	0	0	0	0	0	0	0	672	0	0	0	0	0	0	0	0	0	0	0	0	0	0	0	0	0	0	0	0	0	0	0	1	0	NA
Inhib_2020-10-05_10_Rep12	R12_J3_Bd	3	2020-10-05	Rep12	Inhib	10	8	Bd	1	TRUE	NA	NA	0.0169162123654221	1.64902008755528	-0.684430294364941	0.718262719095785	0	0	TRUE	FALSE	FALSE	NA	NA	NA	0.0135455369942366	0	0	0	0	0	0	0	0	0.151107340335274	0	0	0	0	0	0	0.577426055410901	0.0173780755390422	0	0	0	0	0	0	0	0	0	0	0	0	0	0	0	0	0	0	0	0	0	0	4	NA	NA
Inhib_2020-10-05_10_Rep12	R12_J17_Pre	17	2020-10-05	Rep12	Inhib	10	8	CV	1	TRUE	0.974944444444445	0.00874801564800715	5.02798232695139	0.0270762537715018	4.32663582022103	5.72932883368176	NA	NA	NA	NA	NA	NA	NA	NA	2545	0	0	0	0	0	0	0	0	13383	0	0	0	0	0	0	52765	0	0	0	0	0	0	0	0	0	0	0	0	0	0	0	0	0	0	0	0	0	0	0	3	0.643391910132718	0.585640554697169
Non_2020-10-05_3_Rep12	R12_J20_Bd	20	2020-10-05	Rep12	Non	3	2	Bd	1	TRUE	NA	NA	3.98624095089613	0.471060688716786	3.28489444416576	4.68758745762649	2.00186457670403	7.75318816693728	FALSE	FALSE	FALSE	NA	NA	NA	0	0	0	0	0	0	0	0	0	0	0	0	0	0	0	0	0	0	0	0	0	0	0	0	0	0.839164434342614	0	0	0	0	0	0	0	0	0	0	0	0	0	0	1	NA	NA
Non_2020-10-05_3_Rep12	R12_J9_Pre	9	2020-10-05	Rep12	Non	3	2	CV	1	TRUE	0.00294444444444444	0.000726483157256779	3.19067294658309	0.0188893217055782	2.48932643985273	3.89201945331345	NA	NA	NA	NA	NA	NA	NA	NA	0	0	0	0	0	0	0	0	0	0	0	0	0	0	0	0	0	0	0	0	0	0	0	0	0	1506	0	0	0	0	0	0	0	0	0	0	0	0	0	0	1	0	NA
Non_2020-10-05_10_Rep12	R12_J23_Bd	23	2020-10-05	Rep12	Non	10	7	Bd	1	TRUE	NA	NA	1.0794750599114	0.431489219530875	0.378128553181035	1.78082156664176	0	0	TRUE	FALSE	FALSE	NA	NA	NA	0	0	0	0	0	0	0	0	0	0	0	0	0	0	0	0	0	0	0	0	0	0	0	0	0	0	0	0	0	0	0	0	0	0	0	0	0	0.233653592735463	0	0.158348707381939	2	NA	NA
Non_2020-10-05_10_Rep12	R12_J27_Pre	27	2020-10-05	Rep12	Non	10	7	CV	1	FALSE	1.14661111111111	0.00853587201820132	5.66414995010607	0.260248458375634	4.96280344337571	6.36549645683644	NA	NA	NA	NA	NA	NA	NA	NA	0	0	0	0	0	0	0	0	0	0	0	0	0	0	0	0	0	0	0	0	0	0	0	0	0	0	0	0	0	0	0	0	0	0	0	0	0	81803	0	95268	2	0.690253123017177	0.995824757535001
Non_2020-10-05_0_Rep13	R13_J29_Bd	29	2020-10-05	Rep13	Con	0	0	Bd	1	TRUE	NA	NA	NA	NA	NA	NA	695.361959750837	654.273446532348	FALSE	FALSE	FALSE	10.3697445949574	3.43690327035409	10.5609641907793	0	0	0	0	0	0	0	0	0	0	0	0	0	0	0	0	0	0	0	0	0	0	0	0	0	0	0	0	0	0	0	0	0	0	0	0	0	0	0	0	0	NA	NA
Con_2020-08-31_0_Rep2	R2_J19_Bd	19	2020-08-31	Rep2	Con	0	0	Bd	1	TRUE	NA	NA	3.3401331018266	0.213973992337311	2.63878659509624	4.04147960855696	1016.50234617083	1430.6496953848	FALSE	FALSE	FALSE	12.3384578816584	2.6648320822912	12.7854887301747	0	0	0	0	0	0	0	0	0	0	0	0	0	0	0	0	0	0	0	0	0	0	0	0	0	0	0	0	0	0	0	0	0	0	0	0	0	0	0	0	0	NA	NA
Con_2020-08-31_0_Rep2	R2_J10_Pre	10	2020-08-31	Rep2	Con	0	0	CV	1	TRUE	0.00694444444444445	0.00123603308118261	1.73505592886455	0.292370397044228	1.03370942213418	2.43640243559491	NA	NA	NA	NA	NA	NA	NA	NA	0	0	0	0	0	0	0	0	0	0	0	0	0	0	0	0	0	0	0	0	0	0	0	0	0	0	0	0	0	0	0	0	0	0	0	0	0	0	0	0	0	0	0
Inhib_2020-08-31_1_Rep2	R2_J6_Bd	6	2020-08-31	Rep2	Inhib	1	1	Bd	1	TRUE	NA	NA	3.6824922290096	0.399388989690063	2.98114572227924	4.38383873573997	0	0	FALSE	FALSE	FALSE	NA	NA	NA	0	0	0	0	0	0	0	0	0	0	0	0	0	0	0	0	0	0	0.983673308032891	0	0	0	0	0	0	0	0	0	0	0	0	0	0	0	0	0	0	0	0	0	1	NA	NA
Inhib_2020-08-31_1_Rep2	R2_J14_Pre	14	2020-08-31	Rep2	Inhib	1	1	CV	1	TRUE	0.283611111111111	0.00314024061356944	4.02700821092707	0.121545850491077	3.3256617041967	4.72835471765743	NA	NA	NA	NA	NA	NA	NA	NA	0	0	0	0	0	0	0	0	0	0	0	0	0	0	0	0	0	0	10170	0	0	0	0	0	0	0	0	0	0	0	0	0	0	0	0	0	0	0	0	0	1	0	NA
Inhib_2020-08-31_3_Rep2	R2_J25_Bd	25	2020-08-31	Rep2	Inhib	3	2	Bd	0.5	TRUE	NA	NA	2.33418022741461	0.401187980568159	1.63283372068425	3.03552673414497	2.80261040738565	6.759072741987	FALSE	FALSE	FALSE	NA	NA	NA	0	0	0	0	0	0	0	0	0	0	0	0	0	0	0	0	0	0.20107585651411	0.77188389954837	0	0	0	0	0	0	0	0	0	0	0	0	0	0	0	0	0	0	0	0	0	2	NA	NA
Inhib_2020-08-31_3_Rep2	R2_J28_Pre	28	2020-08-31	Rep2	Inhib	3	2	CV	0.5	TRUE	0.474944444444444	0.00123603308118261	4.95775841869562	0.0181483333133238	4.25641191196525	5.65910492542598	NA	NA	NA	NA	NA	NA	NA	NA	0	0	0	0	0	0	0	0	0	0	0	0	0	0	0	0	0	19616	67691	0	0	0	0	0	0	0	0	0	0	0	0	0	0	0	0	0	0	0	0	0	2	0.532765842796815	0.768618639357995
Inhib_2020-08-31_10_Rep2	R2_J18_Bd	18	2020-08-31	Rep2	Inhib	10	9	Bd	1	TRUE	NA	NA	2.05237417297312	0.468662142988084	1.35102766624276	2.75372067970348	0	0	FALSE	FALSE	FALSE	NA	NA	NA	0	0	0	0	0	0	0	0	0.518622819767442	0	0	0	0	0	0	0	0	0	0.406772347383721	0.0570267078488372	0	0	0	0	0	0	0	0	0	0	0	0	0	0	0	0	0	0	0	0	3	NA	NA
Inhib_2020-08-31_10_Rep2	R2_J20_Pre	20	2020-08-31	Rep2	Inhib	10	9	CV	1	TRUE	1.27661111111111	0.0249571855606979	5.77272398730335	0.090583548564851	5.07137748057299	6.47407049403372	NA	NA	NA	NA	NA	NA	NA	NA	0	0	0	0	0	0	0	0	289348	0	0	0	0	0	0	0	0	0	278040	10825	0	0	0	0	0	0	0	0	0	0	0	0	0	0	0	0	0	0	0	0	3	0.772996270639079	0.703611527571945
Non_2020-08-31_1_Rep2	R2_J2_Bd	2	2020-08-31	Rep2	Non	1	1	Bd	1	TRUE	NA	NA	4.17572679494655	0.417064901984113	3.47438028821619	4.87707330167691	786.332405729344	884.317643954688	FALSE	TRUE	TRUE	5.65526410589202	2.01594685747737	5.46492174987655	0	0	0	0	0	0	0	0	0	0	0	0	0	0	0	0	0	0	0	0	0	0	0	0	0	0	0	0	0	0	0	0	0	0	0	0	0.12550318685005	0	0	0	1	NA	NA
Non_2020-08-31_1_Rep2	R2_J12_Pre	12	2020-08-31	Rep2	Non	1	1	CV	1	TRUE	0.0299444444444444	0.000726483157256779	4.55757360640672	0.0404786907274269	3.85622709967636	5.25892011313708	NA	NA	NA	NA	NA	NA	NA	NA	0	0	0	0	0	0	0	0	0	0	0	0	0	0	0	0	0	0	0	0	0	0	0	0	0	0	0	0	0	0	0	0	0	0	0	0	4437	0	0	0	1	0	NA
Non_2020-08-31_3_Rep2	R2_J11_Bd	11	2020-08-31	Rep2	Non	3	2	Bd	0.5	TRUE	NA	NA	3.98972219104943	0.094704545834609	3.28837568431906	4.69106869777979	0.353270219418359	1.45657042904702	FALSE	FALSE	TRUE	7.53021498970155	5.40910622437193	4.69923536090244	0	0	0	0	0	0	0	0	0	0	0	0	0	0	0	0	0	0	0	0	0	0	0	0	0	0	0	0	0	0	0	0	0	0	0	0.358005727675085	0.0754491017964072	0	0	0	2	NA	NA
Non_2020-08-31_3_Rep2	R2_J13_Pre	13	2020-08-31	Rep2	Non	3	2	CV	0.5	FALSE	0.449611111111111	0.000927960727138337	5.54432675639311	0.119431891729242	4.84298024966275	6.24567326312348	NA	NA	NA	NA	NA	NA	NA	NA	0	0	0	0	0	0	0	0	0	0	0	0	0	0	0	0	0	0	0	0	0	0	0	0	0	0	0	0	0	0	0	0	0	0	0	44110	39173	0	0	0	2	0.691389102398025	0.997463629354303
Non_2020-08-31_10_Rep2	R2_J3_Bd	3	2020-08-31	Rep2	Non	10	8	Bd	1	TRUE	NA	NA	3.51504388703025	0.0715829623918827	2.81369738029989	4.21639039376062	0	0	FALSE	TRUE	TRUE	6.79288079742061	1.3806193986203	6.45606670703264	0	0	0	0	0	0	0	0	0	0	0	0	0	0	0	0	0	0	0	0	0.215112700413284	0	0	0	0	0	0	0.48313157663335	0.129261072192748	0	0	0	0	0	0	0	0	0.166485916112202	0	0	4	NA	NA
Non_2020-08-31_10_Rep2	R2_J17_Pre	17	2020-08-31	Rep2	Non	10	8	CV	1	TRUE	0.285277777777778	0.00169148192751537	5.49202139911483	0.253845464444897	4.79067489238447	6.1933679058452	NA	NA	NA	NA	NA	NA	NA	NA	0	0	0	0	0	0	0	0	0	0	0	0	0	0	0	0	0	0	0	0	50579	0	0	0	0	0	0	177165	30072	0	0	0	0	0	0	0	0	50345	0	0	4	1.13790598479602	0.820825660631545
Con_2020-09-07_0_Rep3	R3_J20_Bd	20	2020-09-07	Rep3	Con	0	0	Bd	1	TRUE	NA	NA	3.61526676989582	0.638197985114723	2.91392026316546	4.31661327662618	166.154759866435	111.031965825214	FALSE	FALSE	FALSE	15.4405219464033	3.94558922694213	16.0636078258269	0	0	0	0	0	0	0	0	0	0	0	0	0	0	0	0	0	0	0	0	0	0	0	0	0	0	0	0	0	0	0	0	0	0	0	0	0	0	0	0	0	NA	NA
Con_2020-09-07_0_Rep3	R3_J16_Pre	16	2020-09-07	Rep3	Con	0	0	CV	1	TRUE	0.0152777777777778	0.00169148192751536	2.48616963737154	0.0405237631241639	1.78482313064117	3.1875161441019	NA	NA	NA	NA	NA	NA	NA	NA	0	0	0	0	0	0	0	0	0	0	0	0	0	0	0	0	0	0	0	0	0	0	0	0	0	0	0	0	0	0	0	0	0	0	0	0	0	0	0	0	0	0	0
Non_2020-09-07_1_Rep3	R3_J6_Bd	6	2020-09-07	Rep3	Non	1	1	Bd	1	FALSE	NA	NA	2.74094502759389	0.463831360450751	2.03959852086352	3.44229153432425	26.0242394971524	36.5775852283329	FALSE	FALSE	TRUE	13.1856491446889	6.36785675804368	14.2630423660408	0	0	0	0	0	0	0	0	0	0	0	0	0	0	0	0	0	0	0	0	0	0	0	0	0	0	0	0	0	0	0	0	0	0	0.98522326885741	0	0	0	0	0	1	NA	NA
Non_2020-09-07_1_Rep3	R3_J28_Pre	28	2020-09-07	Rep3	Non	1	1	CV	1	TRUE	0.0162777777777778	0.000927960727138337	4.55963656870852	0.109725161912166	3.85829006197816	5.26098307543888	NA	NA	NA	NA	NA	NA	NA	NA	0	0	0	0	0	0	0	0	0	0	0	0	0	0	0	0	0	0	0	0	0	0	0	0	0	0	0	0	0	0	0	0	0	0	35123	0	0	0	0	0	1	0	NA
Non_2020-09-07_3_Rep3	R3_J25_Bd	25	2020-09-07	Rep3	Non	3	3	Bd	1	TRUE	NA	NA	2.47462923958992	0.565921379748755	1.77328273285956	3.17597574632028	74.4693622533901	78.7233631126268	FALSE	FALSE	TRUE	17.6117650929744	4.94765113779911	18.243380051581	0	0	0	0	0	0	0	0	0	0	0	0	0	0	0	0	0	0	0	0	0	0	0	0	0	0	0	0.449775581921297	0	0	0	0	0	0	0.131101910163182	0	0	0.411815872794962	0	0	3	NA	NA
Non_2020-09-07_3_Rep3	R3_J15_Pre	15	2020-09-07	Rep3	Non	3	3	CV	1	FALSE	0.0632777777777778	0.000927960727138337	5.59784684551839	0.0437430558288554	4.89650033878803	6.29919335224875	NA	NA	NA	NA	NA	NA	NA	NA	0	0	0	0	0	0	0	0	0	0	0	0	0	0	0	0	0	0	0	0	0	0	0	0	0	0	0	189219	0	0	0	0	0	0	53927	0	0	145787	0	0	3	0.992292629567187	0.903223675724747
Non_2020-09-07_10_Rep3	R3_J19_Bd	19	2020-09-07	Rep3	Non	10	10	Bd	1	TRUE	NA	NA	3.10212342715199	0.0691987721720386	2.40077692042163	3.80346993388236	71.6667518460044	81.0347263732131	FALSE	TRUE	FALSE	15.9689903800465	4.36094539806221	15.6197696036467	0	0	0	0	0	0	0	0	0	0	0	0	0	0	0	0	0	0	0	0	0.195318258203367	0	0	0	0	0	0	0.425484241870338	0.11819334296412	0	0	0	0	0	0.0807217193903122	0	0	0.176154957398508	0	0	5	NA	NA
Non_2020-09-07_10_Rep3	R3_J21_Pre	21	2020-09-07	Rep3	Non	10	10	CV	1	TRUE	0.131944444444444	0.00406543697255016	5.56989998069162	0.098061990111161	4.86855347396126	6.27124648742199	NA	NA	NA	NA	NA	NA	NA	NA	0	0	0	0	0	0	0	0	0	0	0	0	0	0	0	0	0	0	0	0	72784	0	0	0	0	0	0	157594	45585	0	0	0	0	0	32072	2101	0	59004	0	0	6	1.47658278042219	0.824096540736211
Con_2020-09-07_0_Rep4	R4_J5_Bd	5	2020-09-07	Rep4	Con	0	0	Bd	1	TRUE	NA	NA	3.96273197978357	0.0854808362125187	3.26138547305321	4.66407848651393	608.166458402685	527.704239036627	FALSE	FALSE	TRUE	16.3403157932709	4.34292354248111	16.5152522478947	0	0	0	0	0	0	0	0	0	0	0	0	0	0	0	0	0	0	0	0	0	0	0	0	0	0	0	0	0	0	0	0	0	0	0	0	0	0	0	0	0	NA	NA
Con_2020-09-07_0_Rep4	R4_J14_Pre	14	2020-09-07	Rep4	Con	0	0	CV	1	TRUE	0.0239444444444444	0.00123603308118261	0.620744762892981	0.0952606333385963	-0.0806017438373823	1.32209126962334	NA	NA	NA	NA	NA	NA	NA	NA	0	0	0	0	0	0	0	0	0	0	0	0	0	0	0	0	0	0	0	0	0	0	0	0	0	0	0	0	0	0	0	0	0	0	0	0	0	0	0	0	0	0	0
Inhib_2020-09-07_1_Rep4	R4_J11_Bd	11	2020-09-07	Rep4	Inhib	1	1	Bd	1	TRUE	NA	NA	2.35259570683408	0.435704275985682	1.65124920010372	3.05394221356444	5.63024412198009	18.2776375093688	FALSE	FALSE	FALSE	15.9721314461918	5.87733310192888	18.1541178528664	0	0	0	0	0	0	0	0	0	0	0	0	0	0	0	0	0.973695884762924	0	0	0	0	0	0	0	0	0	0	0	0	0	0	0	0	0	0	0	0	0	0	0	1	NA	NA
Inhib_2020-09-07_1_Rep4	R4_J13_Pre	13	2020-09-07	Rep4	Inhib	1	1	CV	1	TRUE	0.0232777777777778	0.000927960727138337	3.92657912069999	0.155494849057424	3.22523261396963	4.62792562743035	NA	NA	NA	NA	NA	NA	NA	NA	0	0	0	0	0	0	0	0	0	0	0	0	0	0	0	0	8346	0	0	0	0	0	0	0	0	0	0	0	0	0	0	0	0	0	0	0	0	0	0	0	1	0	NA
Inhib_2020-09-07_3_Rep4	R4_J3_Bd	3	2020-09-07	Rep4	Inhib	3	2	Bd	1	TRUE	NA	NA	3.47466128745411	0.383043390310915	2.77331478072375	4.17600779418448	103.971841452566	82.160934113638	FALSE	FALSE	FALSE	14.0941943317375	5.18990544233383	13.865701943191	0	0	0	0	0	0	0	0	0	0	0	0	0	0	0	0	0.717986962766545	0	0	0.275135344160866	0	0	0	0	0	0	0	0	0	0	0	0	0	0	0	0	0	0	0	0	2	NA	NA
Inhib_2020-09-07_3_Rep4	R4_J23_Pre	23	2020-09-07	Rep4	Inhib	3	2	CV	1	TRUE	0.138277777777778	0.00422624077770199	4.10836106926841	0.057976600652218	3.40701456253805	4.80970757599878	NA	NA	NA	NA	NA	NA	NA	NA	0	0	0	0	0	0	0	0	0	0	0	0	0	0	0	0	10859	0	0	1882	0	0	0	0	0	0	0	0	0	0	0	0	0	0	0	0	0	0	0	0	2	0.418719898438188	0.604085120998304
Inhib_2020-09-07_10_Rep4	R4_J26_Pre	26	2020-09-07	Rep4	Inhib	10	9	CV	1	TRUE	0.451944444444444	0.00891783481444784	5.14363956630839	0.1541940320183	4.44229305957803	5.84498607303875	NA	NA	NA	NA	NA	NA	NA	NA	0	0	0	0	0	0	0	0	52830	0	0	0	0	0	0	0	63114	0	0	4439	0	0	0	0	0	0	0	0	0	0	0	0	0	0	0	0	0	0	0	0	3	0.821673419070867	0.747919377514895
Non_2020-09-07_1_Rep4	R4_J9_Bd	9	2020-09-07	Rep4	Non	1	1	Bd	1	TRUE	NA	NA	2.61902068446384	0.498989730103051	1.91767417773348	3.3203671911942	83.3276130053054	73.2871111129748	FALSE	TRUE	TRUE	15.3514114950491	4.29397888528162	16.5343556190481	0	0	0	0	0	0	0	0	0	0	0	0	0	0	0	0	0	0	0	0	0	0	0	0	0	0	0	0	0	0.0748293391430646	0	0	0	0	0	0	0	0	0	0	1	NA	NA
Non_2020-09-07_1_Rep4	R4_J10_Pre	10	2020-09-07	Rep4	Non	1	1	CV	1	FALSE	0.0579444444444444	0.000726483157256779	5.04779509345502	0.092292670317421	4.34644858672465	5.74914160018538	NA	NA	NA	NA	NA	NA	NA	NA	0	0	0	0	0	0	0	0	0	0	0	0	0	0	0	0	0	0	0	0	0	0	0	0	0	0	0	0	0	3215	0	0	0	0	0	0	0	0	0	0	1	0	NA
Non_2020-09-07_3_Rep4	R4_J8_Bd	8	2020-09-07	Rep4	Non	3	3	Bd	1	TRUE	NA	NA	2.28551983250115	0.0824219875163322	1.58417332577079	2.98686633923151	93.6872621897488	79.2127178092587	FALSE	TRUE	TRUE	13.0655111556475	5.07456851306374	11.6889358316793	0	0	0	0	0	0	0	0	0	0	0	0	0	0	0	0	0	0	0	0	0	0	0	0	0	0	0	0	0	0	0	0	0	0	0	0	0	0	0.264912179004116	0	1	NA	NA
Non_2020-09-07_3_Rep4	R4_J22_Pre	22	2020-09-07	Rep4	Non	3	3	CV	1	TRUE	0.0376111111111111	0.00669784376580338	5.56856758740704	0.149622315285288	4.86722108067668	6.26991409413741	NA	NA	NA	NA	NA	NA	NA	NA	0	0	0	0	0	0	0	0	0	0	0	0	0	0	0	0	0	0	0	0	0	0	0	0	0	0	0	0	0	0	0	0	0	0	0	0	0	0	18686	0	1	0	NA
Non_2020-09-07_10_Rep4	R4_J2_Bd	2	2020-09-07	Rep4	Non	10	10	Bd	1	TRUE	NA	NA	2.53941783504673	0.144503318359257	1.83807132831637	3.24076434177709	314.864699850163	372.724497378881	FALSE	TRUE	FALSE	15.6208371872293	3.66384505505855	15.7908272011835	0	0	0	0	0	0	0	0	0	0	0	0	0	0	0	0	0	0	0	0	0	0.446952010376135	0	0	0	0	0	0	0	0	0	0	0	0	0	0	0	0	0	0	1	NA	NA
Non_2020-09-07_10_Rep4	R4_J27_Pre	27	2020-09-07	Rep4	Non	10	10	CV	1	TRUE	0.374611111111111	0.00314024061356946	5.31253416989649	0.24576068765049	4.61118766316612	6.01388067662685	NA	NA	NA	NA	NA	NA	NA	NA	0	0	0	0	0	0	0	0	0	0	0	0	0	0	0	0	0	0	0	0	0	113488	0	0	0	0	0	0	0	0	0	0	0	0	0	0	0	0	0	0	1	0	NA
Con_2020-09-14_0_Rep5	R5_J12_Bd	12	2020-09-14	Rep5	Con	0	0	Bd	1	TRUE	NA	NA	2.84353868371372	0.447936081715606	2.14219217698335	3.54488519044408	14.1560423638357	23.8609685579172	FALSE	FALSE	FALSE	8.03068874150094	4.6122868759854	6.4096173934158	0	0	0	0	0	0	0	0	0	0	0	0	0	0	0	0	0	0	0	0	0	0	0	0	0	0	0	0	0	0	0	0	0	0	0	0	0	0	0	0	0	NA	NA
Con_2020-09-14_0_Rep5	R5_J3_Pre	3	2020-09-14	Rep5	Con	0	0	CV	1	TRUE	0	0.00212785755580062	2.1172657181041	0.0105476908219441	1.41591921137374	2.81861222483447	NA	NA	NA	NA	NA	NA	NA	NA	0	0	0	0	0	0	0	0	0	0	0	0	0	0	0	0	0	0	0	0	0	0	0	0	0	0	0	0	0	0	0	0	0	0	0	0	0	0	0	0	0	0	0
Inhib_2020-09-14_1_Rep5	R5_J18_Bd	18	2020-09-14	Rep5	Inhib	1	1	Bd	1	TRUE	NA	NA	2.77554760179004	0.148433179580933	2.07420109505967	3.4768941085204	96.4898725971344	77.1254353287378	FALSE	FALSE	FALSE	9.54115134243935	2.34554484741435	9.39522217899452	0	0	0	0	0	0	0	0	0	0	0	0	0	0	0	0	0	0	0	0	0	0	0	0	0	0	0	0	0	0	0	0	0	0	0	0	0	0	0	0	0	NA	NA
Inhib_2020-09-14_1_Rep5	R5_J5_Pre	5	2020-09-14	Rep5	Inhib	1	1	CV	1	TRUE	0.0396111111111111	0.00220479275922049	4.45655375552282	0.18536819889721	3.75520724879246	5.15790026225319	NA	NA	NA	NA	NA	NA	NA	NA	0	0	0	0	0	0	0	0	0	0	0	0	0	0	0	0	0	0	0	0	0	0	0	0	0	0	0	0	0	0	0	0	0	0	0	0	0	0	0	0	0	0	0
Inhib_2020-09-14_3_Rep5	R5_J1_Bd	1	2020-09-14	Rep5	Inhib	3	3	Bd	1	FALSE	NA	NA	2.56178363533518	0.426517193619997	1.86043712860482	3.26313014206555	12.0111874602242	43.3069522670484	FALSE	TRUE	FALSE	10.077059656571	4.37607070701913	8.65251801826088	0	0	0	0	0	0	0	0	0	0	0	0	0	0	0	0	0	0	0.657955898191713	0	0	0	0	0	0	0	0	0	0	0	0	0	0	0	0	0	0	0	0	0	1	NA	NA
Inhib_2020-09-14_3_Rep5	R5_J15_Pre	15	2020-09-14	Rep5	Inhib	3	3	CV	1	TRUE	0.455944444444444	0.00274367960552572	4.88534172083389	0.129268515642527	4.18399521410353	5.58668822756426	NA	NA	NA	NA	NA	NA	NA	NA	0	0	0	0	0	0	0	0	0	0	0	0	0	0	0	0	0	0	56347	0	0	0	0	0	0	0	0	0	0	0	0	0	0	0	0	0	0	0	0	0	1	0	NA
Inhib_2020-09-14_10_Rep5	R5_J17_Bd	17	2020-09-14	Rep5	Inhib	10	8	Bd	1	TRUE	NA	NA	1.8038718706755	0.468851115391525	1.10252536394514	2.50521837740586	0	0	FALSE	FALSE	FALSE	NA	NA	NA	0	0	0	0	0	0	0	0	0	0	0	0	0	0	0	0	0.0627339995872763	0	0.23012293269656	0	0	0	0	0	0	0	0	0	0	0	0	0	0	0	0	0	0	0	0	0	2	NA	NA
Inhib_2020-09-14_10_Rep5	R5_J11_Pre	11	2020-09-14	Rep5	Inhib	10	8	CV	1	TRUE	1.12161111111111	0.0150286762927116	5.34523062610708	0.0383405769880778	4.64388411937671	6.04657713283744	NA	NA	NA	NA	NA	NA	NA	NA	0	0	0	0	0	0	0	0	0	0	0	0	0	0	0	0	21159	0	82305	0	0	0	0	0	0	0	0	0	0	0	0	0	0	0	0	0	0	0	0	0	2	0.506585853571142	0.730848898731589
Non_2020-09-14_1_Rep5	R5_J8_Bd	8	2020-09-14	Rep5	Non	1	1	Bd	1	TRUE	NA	NA	2.59817783567094	0.165952109206443	1.89683132894058	3.29952434240131	228.67453049273	274.702158798079	FALSE	TRUE	FALSE	10.2837921457909	2.57814652281128	9.94839568531453	0	0	0	0	0	0	0	0	0	0	0	0	0	0	0	0	0	0	0	0	0	0	0	0	0	0	0	0	0	0	0	0	0	0	0	0	0.12150341247717	0	0	0	1	NA	NA
Non_2020-09-14_1_Rep5	R5_J25_Pre	25	2020-09-14	Rep5	Non	1	1	CV	1	TRUE	0.0152777777777778	0.000927960727138327	4.5951435157046	0.180396010047732	3.89379700897424	5.29649002243497	NA	NA	NA	NA	NA	NA	NA	NA	0	0	0	0	0	0	0	0	0	0	0	0	0	0	0	0	0	0	0	0	0	0	0	0	0	0	0	0	0	0	0	0	0	0	0	0	5052	0	0	0	1	0	NA
Non_2020-09-14_3_Rep5	R5_J14_Bd	14	2020-09-14	Rep5	Non	3	2	Bd	1	TRUE	NA	NA	3.69803348284058	0.313423581230206	2.99668697611022	4.39937998957095	78.8560568040806	136.94027975632	FALSE	FALSE	FALSE	8.2532347443467	2.04281640830879	8.0910534549174	0	0	0	0	0	0	0	0	0	0	0	0	0	0	0	0	0	0	0	0	0	0	0	0	0	0	0	0	0	0	0	0	0	0	0.400363320432825	0	0.0967143195640155	0	0	0	2	NA	NA
Non_2020-09-14_3_Rep5	R5_J13_Pre	13	2020-09-14	Rep5	Non	3	2	CV	1	TRUE	0.0282777777777778	0.00220479275922049	3.78193023117221	0.0490695722949705	3.08058372444185	4.48327673790257	NA	NA	NA	NA	NA	NA	NA	NA	0	0	0	0	0	0	0	0	0	0	0	0	0	0	0	0	0	0	0	0	0	0	0	0	0	0	0	0	0	0	0	0	0	0	1969	0	0	0	0	0	1	0	NA
Non_2020-09-14_10_Rep5	R5_J4_Bd	4	2020-09-14	Rep5	Non	10	8	Bd	1	TRUE	NA	NA	2.81077874172013	0.397370090113269	2.10943223498977	3.5121252484505	2.57382588433376	9.63037463238738	FALSE	FALSE	FALSE	7.08576683129829	1.5393075419571	6.61829990469648	0	0	0.702095318273233	0	0	0	0	0	0	0	0	0	0	0	0	0	0	0	0	0	0	0.214840278752163	0	0	0	0	0	0	0	0	0	0	0	0	0.0515410878817642	0	0	0.0250923717319115	0	0	4	NA	NA
Non_2020-09-14_10_Rep5	R5_J21_Pre	21	2020-09-14	Rep5	Non	10	8	CV	1	TRUE	0.00994444444444445	0.000726483157256779	5.44035346097201	0.0187450987648863	4.73900695424165	6.14169996770238	NA	NA	NA	NA	NA	NA	NA	NA	0	0	149476	0	0	0	0	0	0	0	0	0	0	0	0	0	0	0	0	0	0	113243	0	0	0	0	0	0	0	0	0	0	0	0	2204	1710	0	6595	0	0	5	0.855549152721956	0.531582576819028
Con_2020-09-14_0_Rep6	R6_J22_Bd	22	2020-09-14	Rep6	Con	0	0	Bd	1	TRUE	NA	NA	3.86188419887146	0.477360488726354	3.1605376921411	4.56323070560182	244.513459011707	395.790803296765	FALSE	TRUE	FALSE	16.0720314104675	7.19944565322435	16.8406398717805	0	0	0	0	0	0	0	0	0	0	0	0	0	0	0	0	0	0	0	0	0	0	0	0	0	0	0	0	0	0	0	0	0	0	0	0	0	0	0	0	0	NA	NA
Con_2020-09-14_0_Rep6	R6_J9_Pre	9	2020-09-14	Rep6	Con	0	0	CV	1	TRUE	0.0226111111111111	0.000927960727138337	2.42267702356935	0.021061793127035	1.72133051683898	3.12402353029971	NA	NA	NA	NA	NA	NA	NA	NA	0	0	0	0	0	0	0	0	0	0	0	0	0	0	0	0	0	0	0	0	0	0	0	0	0	0	0	0	0	0	0	0	0	0	0	0	0	0	0	0	0	0	0
Inhib_2020-09-14_1_Rep6	R6_J23_Bd	23	2020-09-14	Rep6	Inhib	1	1	Bd	1	TRUE	NA	NA	1.28288296303252	0.418364384214404	0.581536456302152	1.98422946976288	0	0	TRUE	FALSE	FALSE	NA	NA	NA	0.797124924073699	0	0	0	0	0	0	0	0	0	0	0	0	0	0	0	0	0	0	0	0	0	0	0	0	0	0	0	0	0	0	0	0	0	0	0	0	0	0	0	1	NA	NA
Inhib_2020-09-14_1_Rep6	R6_J24_Pre	24	2020-09-14	Rep6	Inhib	1	1	CV	1	TRUE	0.0236111111111111	0.000927960727138337	2.22235282951666	0.0985878618918263	1.52100632278629	2.92369933624702	NA	NA	NA	NA	NA	NA	NA	NA	44	0	0	0	0	0	0	0	0	0	0	0	0	0	0	0	0	0	0	0	0	0	0	0	0	0	0	0	0	0	0	0	0	0	0	0	0	0	0	0	1	0	NA
Inhib_2020-09-14_3_Rep6	R6_J19_Bd	19	2020-09-14	Rep6	Inhib	3	2	Bd	1	TRUE	NA	NA	1.98748071674121	0.0128632975101085	1.28613421001085	2.68882722347157	0	0	FALSE	FALSE	FALSE	6.10847262632371	0.871519837001838	5.90749934350344	0.187772044622525	0	0	0	0	0	0	0	0	0	0	0	0.784122683116658	0	0	0	0	0	0	0	0	0	0	0	0	0	0	0	0	0	0	0	0	0	0	0	0	0	0	0	2	NA	NA
Inhib_2020-09-14_3_Rep6	R6_J26_Pre	26	2020-09-14	Rep6	Inhib	3	2	CV	1	TRUE	0.198944444444444	0.00308670986290869	4.85477375446369	0.216174252312111	4.15342724773332	5.55612026119405	NA	NA	NA	NA	NA	NA	NA	NA	22552	0	0	0	0	0	0	0	0	0	0	0	46819	0	0	0	0	0	0	0	0	0	0	0	0	0	0	0	0	0	0	0	0	0	0	0	0	0	0	0	2	0.630648702140516	0.909833755121183
Inhib_2020-09-14_10_Rep6	R6_J7_Bd	7	2020-09-14	Rep6	Inhib	10	8	Bd	1	TRUE	NA	NA	1.42612646606434	0.611861974820239	0.724779959333981	2.12747297279471	0	0	FALSE	FALSE	FALSE	14.9414070623041	5.94624090076144	16.4607058201087	0	0	0	0	0	0	0	0	0	0	0	0	0	0	0	0	0	0.0396193065941536	0	0	0	0	0	0	0	0	0	0	0	0	0	0	0	0	0	0	0	0	0	0	1	NA	NA
Inhib_2020-09-14_10_Rep6	R6_J10_Pre	10	2020-09-14	Rep6	Inhib	10	8	CV	1	TRUE	0.359944444444444	0.00367801274845232	5.54786450662739	0.141629635112475	4.84651799989702	6.24921101335775	NA	NA	NA	NA	NA	NA	NA	NA	4032	0	0	0	0	0	0	0	0	6893	0	0	5514	0	0	0	0	0	0	0	0	0	0	0	0	0	0	0	0	0	0	0	0	0	0	0	0	0	0	0	3	1.07554645955693	0.979004577548336
Non_2020-09-14_1_Rep6	R6_J27_Bd	27	2020-09-14	Rep6	Non	1	1	Bd	1	TRUE	NA	NA	3.06451725924746	0.518970052279435	2.36317075251709	3.76586376597782	0	0	FALSE	FALSE	FALSE	NA	NA	NA	0	0	0	0	0	0	0	0	0	0	0	0	0	0	0	0	0	0	0	0	0	0	0	0	0	0	0	0.981099221173938	0	0	0	0	0	0	0	0	0	0	0	0	1	NA	NA
Non_2020-09-14_1_Rep6	R6_J28_Pre	28	2020-09-14	Rep6	Non	1	1	CV	1	FALSE	0.0212777777777778	0.000927960727138337	5.1090548878989	0.178927102448143	4.40770838116853	5.81040139462926	NA	NA	NA	NA	NA	NA	NA	NA	0	0	0	0	0	0	0	0	0	0	0	0	0	0	0	0	0	0	0	0	0	0	0	0	0	0	0	127877	0	0	0	0	0	0	0	0	0	0	0	0	1	0	NA
Non_2020-09-14_3_Rep6	R6_J20_Bd	20	2020-09-14	Rep6	Non	3	2	Bd	1	TRUE	NA	NA	NA	NA	NA	NA	0	0	FALSE	FALSE	FALSE	NA	NA	NA	0	0	0	0	0	0	0	0	0	0	0	0	0	0	0	0	0	0	0	0	0	0.302333681644026	0	0	0	0	0	0.694753174376999	0	0	0	0	0	0	0	0	0	0	0	0	2	NA	NA
Non_2020-09-14_3_Rep6	R6_J2_Pre	2	2020-09-14	Rep6	Non	3	2	CV	1	TRUE	0.177944444444444	0.00212785755580062	5.27702233985402	0.090850813913611	4.57567583312365	5.97836884658438	NA	NA	NA	NA	NA	NA	NA	NA	0	0	0	0	0	0	0	0	0	0	0	0	0	0	0	0	0	0	0	0	0	88254	0	0	0	0	0	100138	0	0	0	0	0	0	0	0	0	0	0	0	2	0.691156237827975	0.997127676793893
Non_2020-09-14_10_Rep6	R6_J16_Bd	16	2020-09-14	Rep6	Non	10	8	Bd	1	TRUE	NA	NA	1.92075898330649	0.557898583356727	1.21941247657612	2.62210549003685	0	0	FALSE	FALSE	FALSE	11.3175352655989	2.03540675952341	11.3175352655989	0	0	0	0	0	0	0	0	0	0	0	0	0	0	0	0	0	0	0	0	0.0270194752577608	0.152029953337618	0	0	0	0	0	0.603369750481992	0	0	0	0	0	0	0.0475844533236469	0	0	0.148676967783397	0	0	5	NA	NA
Non_2020-09-14_10_Rep6	R6_J6_Pre	6	2020-09-14	Rep6	Non	10	8	CV	1	TRUE	0.219277777777778	0.00220479275922046	5.44532719559484	0.110346599844875	4.74398068886447	6.1466737023252	NA	NA	NA	NA	NA	NA	NA	NA	0	0	0	0	0	0	0	0	0	0	0	0	0	0	0	0	0	0	0	0	2076	56166	0	0	0	0	0	140165	0	0	0	0	0	0	9878	0	0	69601	0	0	5	1.17032469758936	0.727163619390184
Con_2020-09-19_0_Rep7	R7_J17_Bd	17	2020-09-19	Rep7	Con	0	0	Bd	1	TRUE	NA	NA	3.25905972831788	0.425524602572895	2.55771322158752	3.96040623504825	221.456268797884	336.040563027516	FALSE	TRUE	TRUE	8.08662142971138	4.73975081025962	7.54699526275184	0	0	0	0	0	0	0	0	0	0	0	0	0	0	0	0	0	0	0	0	0	0	0	0	0	0	0	0	0	0	0	0	0	0	0	0	0	0	0	0	0	NA	NA
Con_2020-09-19_0_Rep7	R7_J14_Pre	14	2020-09-19	Rep7	Con	0	0	CV	1	TRUE	0.0226111111111111	0.00136422546197874	2.59230219617466	0.510516606795266	1.8909556894443	3.29364870290502	NA	NA	NA	NA	NA	NA	NA	NA	0	0	0	0	0	0	0	0	0	0	0	0	0	0	0	0	0	0	0	0	0	0	0	0	0	0	0	0	0	0	0	0	0	0	0	0	0	0	0	0	0	0	0
Inhib_2020-09-19_1_Rep7	R7_J20_Pre	20	2020-09-19	Rep7	Inhib	1	1	CV	1	TRUE	0.0222777777777778	0.000927960727138337	4.53247603434479	0.178254228196246	3.83112952761442	5.23382254107515	NA	NA	NA	NA	NA	NA	NA	NA	0	0	0	0	0	0	0	0	0	0	0	0	0	0	0	0	0	0	0	0	0	0	0	0	0	0	0	0	0	0	0	0	0	0	0	0	0	0	0	0	0	0	0
Inhib_2020-09-19_3_Rep7	R7_J13_Bd	13	2020-09-19	Rep7	Inhib	3	2	Bd	1	TRUE	NA	NA	1.90031410397488	0.38494628842145	1.19896759724451	2.60166061070524	0	0	FALSE	FALSE	FALSE	12.7140450312035	5.5285950441826	15.357607350279	0	0	0	0	0	0	0	0	0	0	0	0	0	0	0	0	0	0	0	0	0	0	0	0	0	0	0	0	0	0	0	0	0	0	0	0	0	0	0	0	0	NA	NA
Inhib_2020-09-19_3_Rep7	R7_J10_Pre	10	2020-09-19	Rep7	Inhib	3	2	CV	1	TRUE	0.223944444444444	0.00187823794493078	5.37714075185464	0.022905189505937	4.67579424512427	6.078487258585	NA	NA	NA	NA	NA	NA	NA	NA	0	0	0	0	0	0	0	0	0	0	0	0	0	0	0	0	0	0	0	0	0	0	0	0	0	0	0	0	0	0	0	0	0	0	0	0	0	0	0	0	0	0	0
Inhib_2020-09-19_10_Rep7	R7_J19_Bd	19	2020-09-19	Rep7	Inhib	10	8	Bd	1	TRUE	NA	NA	1.48650206790534	0.392828921282239	0.785155561174981	2.18784857463571	0	0	TRUE	FALSE	FALSE	NA	NA	NA	0	0	0	0	0	0	0	0	0.596231752043531	0	0	0	0	0	0	0	0	0	0.394707193709998	0	0	0	0	0	0	0	0	0	0	0	0	0	0	0	0	0	0	0	0	0	2	NA	NA
Inhib_2020-09-19_10_Rep7	R7_J5_Pre	5	2020-09-19	Rep7	Inhib	10	8	CV	1	TRUE	0.954611111111111	0.0240179331148854	5.80294735651415	0.0760478092247024	5.10160084978379	6.50429386324452	NA	NA	NA	NA	NA	NA	NA	NA	0	0	0	0	0	0	0	0	350193	0	0	0	0	0	0	0	0	0	238028	0	0	0	0	0	0	0	0	0	0	0	0	0	0	0	0	0	0	0	0	0	2	0.674854960321657	0.973609904575373
Non_2020-09-19_1_Rep7	R7_J27_Bd	27	2020-09-19	Rep7	Non	1	1	Bd	1	TRUE	NA	NA	1.86538396090134	0.204218049045155	1.16403745417098	2.56673046763171	0	0	FALSE	FALSE	FALSE	4.80777724245632	2.7634122103464	3.40912749376571	0	0	0	0	0	0	0	0	0	0	0	0	0	0	0	0	0	0	0	0	0	0.993548184049852	0	0	0	0	0	0	0	0	0	0	0	0	0	0	0	0	0	0	1	NA	NA
Non_2020-09-19_1_Rep7	R7_J26_Pre	26	2020-09-19	Rep7	Non	1	1	CV	1	TRUE	0.0249444444444444	0.00123603308118261	5.15165834124781	0.00220853321771493	4.45031183451745	5.85300484797818	NA	NA	NA	NA	NA	NA	NA	NA	0	0	0	0	0	0	0	0	0	0	0	0	0	0	0	0	0	0	0	0	0	133954	0	0	0	0	0	0	0	0	0	0	0	0	0	0	0	0	0	0	1	0	NA
Non_2020-09-19_3_Rep7	R7_J22_Bd	22	2020-09-19	Rep7	Non	3	3	Bd	1	TRUE	NA	NA	1.55996500085257	0.284899330765219	0.85861849412221	2.26131150758294	0	0	FALSE	FALSE	TRUE	3.45810845428487	0.991757424029113	3.15554721170298	0	0	0	0	0	0	0	0	0	0	0	0	0	0	0	0	0	0	0	0	0	0.958637469586375	0	0	0	0	0	0	0	0	0	0	0	0	0	0	0	0	0	0	1	NA	NA
Non_2020-09-19_3_Rep7	R7_J8_Pre	8	2020-09-19	Rep7	Non	3	3	CV	1	TRUE	0.0619444444444444	0.00187823794493078	5.76437269162462	0.0419514371091626	5.06302618489426	6.46571919835498	NA	NA	NA	NA	NA	NA	NA	NA	0	0	0	0	0	0	0	0	0	0	0	0	0	0	0	0	0	0	0	0	0	568085	0	0	0	0	0	0	0	0	0	0	0	0	0	0	0	4566	0	0	2	0.0464663666159837	0.0670367966850082
Non_2020-09-19_10_Rep7	R7_J23_Bd	23	2020-09-19	Rep7	Non	10	7	Bd	1	TRUE	NA	NA	2.96311323555411	0.121376866745875	2.26176672882375	3.66445974228448	0	0	FALSE	FALSE	FALSE	3.75667681843133	1.40771993818605	3.44786757892214	0	0	0	0	0	0	0	0	0	0	0	0	0	0	0	0	0	0	0	0	0	0.387664387970939	0	0	0	0	0.175316513902088	0	0	0	0	0	0	0	0.0933141228043285	0	0.0389013212347874	0.218325618466632	0	0	5	NA	NA
Non_2020-09-19_10_Rep7	R7_J21_Pre	21	2020-09-19	Rep7	Non	10	7	CV	1	FALSE	0	0.00187823794493077	4.24058863115555	0.0451499979336116	3.53924212442518	4.94193513788591	NA	NA	NA	NA	NA	NA	NA	NA	0	0	0	0	0	0	0	0	0	0	0	0	0	0	0	0	0	0	0	0	0	4943	0	0	0	0	1712	0	0	0	0	0	0	0	1140	0	319	7215	0	0	5	1.23831453106281	0.769408078122129
Con_2020-09-19_0_Rep8	R8_J11_Bd	11	2020-09-19	Rep8	Con	0	0	Bd	1	TRUE	NA	NA	4.21404838306853	0.140817699706494	3.51270187633817	4.9153948897989	454.212536324794	687.9171340357	FALSE	FALSE	FALSE	10.6802282253586	3.37831632333178	10.5183452485358	0	0	0	0	0	0	0	0	0	0	0	0	0	0	0	0	0	0	0	0	0	0	0	0	0	0	0	0	0	0	0	0	0	0	0	0	0	0	0	0	0	NA	NA
Con_2020-09-19_0_Rep8	R8_J9_Pre	9	2020-09-19	Rep8	Con	0	0	CV	1	TRUE	0.0159444444444444	0.000726483157256779	2.57603157202804	0.06610376147291	1.87468506529768	3.2773780787584	NA	NA	NA	NA	NA	NA	NA	NA	0	0	0	0	0	0	0	0	0	0	0	0	0	0	0	0	0	0	0	0	0	0	0	0	0	0	0	0	0	0	0	0	0	0	0	0	0	0	0	0	0	0	0
Inhib_2020-09-19_1_Rep8	R8_J3_Bd	3	2020-09-19	Rep8	Inhib	1	1	Bd	1	TRUE	NA	NA	0.774881512348529	0.377771816144527	0.0735350056181655	1.47622801907889	0	0	FALSE	FALSE	FALSE	NA	NA	NA	0	0	0	0	0	0	0	0	0	0	0	0	0	0	0	0	0	0	0	0	0	0	0	0	0	0	0	0	0	0	0	0	0	0	0	0	0	0	0	0	0	NA	NA
Inhib_2020-09-19_1_Rep8	R8_J12_Pre	12	2020-09-19	Rep8	Inhib	1	1	CV	1	TRUE	0.968611111111111	0.0135963638930088	5.21675034153531	0.0942625228262917	4.51540383480495	5.91809684826568	NA	NA	NA	NA	NA	NA	NA	NA	0	0	0	0	0	0	0	0	0	0	0	0	0	0	0	0	0	0	0	0	0	0	0	0	0	0	0	0	0	0	0	0	0	0	0	0	0	0	0	0	0	0	0
Inhib_2020-09-19_3_Rep8	R8_J16_Bd	16	2020-09-19	Rep8	Inhib	3	3	Bd	1	TRUE	NA	NA	1.99645534041769	0.232832790295332	1.29510883368733	2.69780184714806	0	0	FALSE	FALSE	FALSE	7.45175546820493	1.40084445721792	7.30408183767836	0	0	0	0	0	0	0	0	0.696571748221944	0	0	0	0	0	0	0	0	0	0	0.0127327455315522	0	0	0	0	0	0	0	0	0	0	0	0	0	0	0	0	0	0	0	0	2	NA	NA
Inhib_2020-09-19_3_Rep8	R8_J25_Pre	25	2020-09-19	Rep8	Inhib	3	3	CV	1	TRUE	0.667277777777778	0.0104336528172597	5.6141384388807	0.156209156374053	4.91279193215034	6.31548494561107	NA	NA	NA	NA	NA	NA	NA	NA	0	0	0	0	0	0	0	0	265531	0	0	0	0	0	0	0	0	0	0	11706	0	0	0	0	0	0	0	0	0	0	0	0	0	0	0	0	0	0	0	0	2	0.174948228883002	0.252396942221814
Inhib_2020-09-19_10_Rep8	R8_J24_Bd	24	2020-09-19	Rep8	Inhib	10	8	Bd	1	TRUE	NA	NA	2.02216804652102	0.353924794641048	1.32082153979066	2.72351455325138	1.12604882439602	4.50419529758408	FALSE	FALSE	FALSE	7.61101025774839	2.25567917536065	7.52915252015163	0	0	0	0	0	0	0	0	0.614668185702079	0	0	0	0	0	0	0	0	0	0.321105098262603	0.0537168897749929	0	0	0	0	0	0	0	0	0	0	0	0	0	0	0	0	0	0	0	0	3	NA	NA
Inhib_2020-09-19_10_Rep8	R8_J4_Pre	4	2020-09-19	Rep8	Inhib	10	8	CV	1	TRUE	0.879277777777778	0.0152925181415982	5.60926585909058	0.0558006912645198	4.90791935236022	6.31061236582094	NA	NA	NA	NA	NA	NA	NA	NA	0	0	0	0	0	0	0	0	264767	0	0	0	0	0	0	0	0	0	123850	7349	0	0	0	0	0	0	0	0	0	0	0	0	0	0	0	0	0	0	0	0	3	0.706644551304181	0.643215589879186
Non_2020-09-19_1_Rep8	R8_J6_Bd	6	2020-09-19	Rep8	Non	1	1	Bd	1	TRUE	NA	NA	2.34390986299309	0.516622259139085	1.64256335626273	3.04525636972345	2.40223749204484	6.7336147504275	FALSE	FALSE	TRUE	12.4319955543126	5.77564990559871	11.1903087531453	0	0	0	0	0	0	0	0	0	0	0	0	0	0	0	0	0	0	0	0	0	0	0	0	0	0	0	0	0	0	0	0	0	0	0	0	0	0	0	0	0	NA	NA
Non_2020-09-19_1_Rep8	R8_J18_Pre	18	2020-09-19	Rep8	Non	1	1	CV	1	FALSE	0.0462777777777778	0.00169148192751536	5.50711121034741	0.0995314691966658	4.80576470361704	6.20845771707777	NA	NA	NA	NA	NA	NA	NA	NA	0	0	0	0	0	0	0	0	0	0	0	0	0	0	0	0	0	0	0	0	0	0	0	0	0	0	0	0	0	0	0	0	0	0	0	0	0	0	0	0	0	0	0
Non_2020-09-19_3_Rep8	R8_J1_Bd	1	2020-09-19	Rep8	Non	3	3	Bd	1	TRUE	NA	NA	1.91536257238803	0.359627225887282	1.21401606565767	2.61670907911839	0	0	FALSE	FALSE	FALSE	NA	NA	NA	0	0	0	0	0	0	0	0	0	0	0	0	0	0	0	0	0	0	0	0	0	0	0	0	0	0	0	0	0	0.102281239359891	0	0	0	0	0	0	0	0	0	0	1	NA	NA
Non_2020-09-19_10_Rep8	R8_J2_Bd	2	2020-09-19	Rep8	Non	10	6	Bd	1	TRUE	NA	NA	2.42860023830172	0.522008728526765	1.72725373157136	3.12994674503209	4.00372915340807	12.5701429258588	FALSE	FALSE	FALSE	8.28128582984039	2.5073956171222	7.74859885984875	0	0	0	0	0	0	0	0	0	0	0	0	0	0	0	0	0	0	0	0	0	0	0	0	0	0	0	0	0	0	0	0	0	0	0	0	0	0.382504993537775	0	0	1	NA	NA
Non_2020-09-19_10_Rep8	R8_J28_Pre	28	2020-09-19	Rep8	Non	10	6	CV	1	TRUE	0.148611111111111	0.00220479275922049	5.19274977816286	0.169117329322683	4.4914032714325	5.89409628489323	NA	NA	NA	NA	NA	NA	NA	NA	0	0	0	0	0	0	0	0	0	0	0	0	0	0	0	0	0	0	0	0	0	0	0	0	0	0	0	0	0	0	0	0	0	0	0	0	0	62368	0	0	1	0	NA
Con_2020-09-28_0_Rep9	R9_J15_Bd	15	2020-09-28	Rep9	Con	0	0	Bd	1	TRUE	NA	NA	4.46880353612974	0.954394686822646	3.76745702939937	5.1701500428601	498.019420804481	934.48856300457	FALSE	TRUE	TRUE	7.94220136967683	2.46033278484113	7.97202102806004	0	0	0	0	0	0	0	0	0	0	0	0	0	0	0	0	0	0	0	0	0	0	0	0	0	0	0	0	0	0	0	0	0	0	0	0	0	0	0	0	0	NA	NA
Con_2020-09-28_0_Rep9	R9_J11_Pre	11	2020-09-28	Rep9	Con	0	0	CV	1	TRUE	0.0186111111111111	0.000927960727138337	0.990880946073972	0.135940209126516	0.289534439343609	1.69222745280434	NA	NA	NA	NA	NA	NA	NA	NA	0	0	0	0	0	0	0	0	0	0	0	0	0	0	0	0	0	0	0	0	0	0	0	0	0	0	0	0	0	0	0	0	0	0	0	0	0	0	0	0	0	0	0
Inhib_2020-09-28_1_Rep9	R9_J14_Bd	14	2020-09-28	Rep9	Inhib	1	1	Bd	1	TRUE	NA	NA	2.43744627783146	0.5175731682732	1.7360997711011	3.13879278456183	0	0	FALSE	FALSE	FALSE	15.9229507707095	3.15136973658997	15.9229507707095	0	0	0	0	0	0	0	0	0	0	0	0	0	0	0	0	0	0	0	0	0	0	0	0	0	0	0	0	0	0	0	0	0	0	0	0	0	0	0	0	0	NA	NA
Inhib_2020-09-28_1_Rep9	R9_J17_Pre	17	2020-09-28	Rep9	Inhib	1	1	CV	1	FALSE	0.341944444444444	0.00441902452785426	5.17675591330975	0.135567004251106	4.47540940657938	5.87810242004011	NA	NA	NA	NA	NA	NA	NA	NA	0	0	0	0	0	0	0	0	0	0	0	0	0	0	0	0	0	0	0	0	0	0	0	0	0	0	0	0	0	0	0	0	0	0	0	0	0	0	0	0	0	0	0
Inhib_2020-09-28_3_Rep9	R9_J7_Bd	7	2020-09-28	Rep9	Inhib	3	3	Bd	1	TRUE	NA	NA	2.47590866712126	0.233052214251784	1.77456216039089	3.17725517385162	0	0	FALSE	FALSE	FALSE	16.6014598466533	5.97477321085679	16.6014598466533	0	0	0	0	0	0	0	0	0	0	0	0	0	0	0	0	0	0	0.211854792966535	0	0	0	0	0	0	0	0	0	0	0	0	0	0	0	0	0	0	0	0	0	1	NA	NA
Inhib_2020-09-28_3_Rep9	R9_J8_Pre	8	2020-09-28	Rep9	Inhib	3	3	CV	1	TRUE	0.657277777777778	0.00169148192751537	5.38438880706921	0.00624836625496211	4.68304230033885	6.08573531379958	NA	NA	NA	NA	NA	NA	NA	NA	0	0	0	0	0	0	0	0	0	0	0	0	0	0	0	0	0	0	41638	0	0	0	0	0	0	0	0	0	0	0	0	0	0	0	0	0	0	0	0	0	1	0	NA
Inhib_2020-09-28_10_Rep9	R9_J13_Bd	13	2020-09-28	Rep9	Inhib	10	10	Bd	1	TRUE	NA	NA	1.36581332374355	0.527172750399538	0.66446681701319	2.06715983047392	0	0	TRUE	FALSE	FALSE	NA	NA	NA	0	0	0	0	0	0	0	0	0.47632319165957	0	0	0	0	0	0	0	0.170421408479781	0	0.309540398957446	0	0	0	0	0	0	0	0	0	0	0	0	0	0	0	0	0	0	0	0	0	3	NA	NA
Inhib_2020-09-28_10_Rep9	R9_J9_Pre	9	2020-09-28	Rep9	Inhib	10	10	CV	1	TRUE	0.649277777777778	0.0133364579672082	5.80577480676612	0.0841377161450209	5.10442830003576	6.50712131349649	NA	NA	NA	NA	NA	NA	NA	NA	0	0	0	0	0	0	0	0	273567	0	0	0	0	0	0	0	181521	0	149448	0	0	0	0	0	0	0	0	0	0	0	0	0	0	0	0	0	0	0	0	0	3	1.06553925819981	0.969895630324329
Non_2020-09-28_1_Rep9	R9_J12_Bd	12	2020-09-28	Rep9	Non	1	1	Bd	1	TRUE	NA	NA	3.71782536239611	0.438851584368932	3.01647885566575	4.41917186912648	221.406222183466	359.031097167646	FALSE	FALSE	TRUE	5.7715137188704	2.82013397854202	5.31577969488134	0	0	0	0	0	0	0	0	0	0	0	0	0	0	0	0	0	0	0	0	0	0	0	0	0	0	0	0	0	0	0	0	0	0	0	0	0	0.963400556800435	0	0	1	NA	NA
Non_2020-09-28_1_Rep9	R9_J19_Pre	19	2020-09-28	Rep9	Non	1	1	CV	1	TRUE	0.0149444444444445	0.00187823794493076	4.88480776340859	0.334880088377653	4.18346125667822	5.58615427013895	NA	NA	NA	NA	NA	NA	NA	NA	0	0	0	0	0	0	0	0	0	0	0	0	0	0	0	0	0	0	0	0	0	0	0	0	0	0	0	0	0	0	0	0	0	0	0	0	0	76230	0	0	1	0	NA
Non_2020-09-28_3_Rep9	R9_J26_Bd	26	2020-09-28	Rep9	Non	3	3	Bd	1	TRUE	NA	NA	2.71384370433343	0.510233048186632	2.01249719760307	3.41519021106379	0	0	FALSE	FALSE	FALSE	NA	NA	NA	0	0	0	0	0	0	0	0	0	0	0	0	0	0	0	0	0	0	0	0	0	0	0	0	0	0	0	0	0	0	0	0	0.0144459328132798	0	0	0	0	0.137604076379587	0	0.842513067002863	3	NA	NA
Non_2020-09-28_3_Rep9	R9_J28_Pre	28	2020-09-28	Rep9	Non	3	3	CV	1	TRUE	1.06227777777778	0.0130713852024607	5.80932305994254	0.0417655257556901	5.10797655321218	6.5106695666729	NA	NA	NA	NA	NA	NA	NA	NA	0	0	0	0	0	0	0	0	0	0	0	0	0	0	0	0	0	0	0	0	0	0	0	0	0	0	0	0	0	0	0	0	0	0	0	0	0	268959	0	367494	2	0.681114382582879	0.982640342030468
Non_2020-09-28_10_Rep9	R9_J20_Bd	20	2020-09-28	Rep9	Non	10	10	Bd	1	TRUE	NA	NA	2.54458428775566	0.822706590260356	1.8432377810253	3.24593079448602	0	0	FALSE	FALSE	FALSE	5.00154491269536	2.88202100092281	4.25016068165483	0	0	0	0	0	0	0	0	0	0	0	0	0	0	0	0	0	0	0	0	0	0	0	0	0	0	0	0	0	0	0	0	0	0	0	0	0	0.227922486766318	0	0.124524869995103	2	NA	NA
Non_2020-09-28_10_Rep9	R9_J2_Pre	2	2020-09-28	Rep9	Non	10	10	CV	1	TRUE	1.26061111111111	0.021560638003341	5.99263622974963	0.162457522629016	5.29128972301926	6.69398273647999	NA	NA	NA	NA	NA	NA	NA	NA	0	0	0	0	0	0	0	0	0	0	0	0	0	0	0	0	0	0	0	0	0	0	0	0	0	0	0	0	0	0	0	0	0	0	0	0	0	154245	0	173397	2	0.691437768657404	0.997533839925368
