sampleID_qPCR	inhibRich	inhibReads	inhibProp	inhibRichFrac
R1_J1_Pre	0	0	0	0
R1_J15_Pre	0	0	0	0
R1_J16_Bd	0	0	0	0
R1_J21_Bd	0	0	0	0
R1_J22_Bd	1	0.896948433420366	1	1
R1_J23_Bd	1	0.235422447207337	0.277292685360742	0.333333333333333
R1_J24_Pre	0	0	0	0
R1_J26_Bd	0	0	0	0
R1_J4_Bd	3	0.488570541994207	0.503665395996055	0.75
R1_J5_Pre	0	0	0	0
R1_J7_Bd	0	0	0	0
R1_J8_Pre	2	202987	0.433474488499378	0.666666666666667
R1_J9_Pre	2	28604	0.808593639575972	0.666666666666667
R10_J10_Pre	0	0	0	0
R10_J16_Bd	0	0	0	0
R10_J18_Pre	0	0	0	0
R10_J21_Pre	0	0	0	0
R10_J22_Pre	0	0	0	0
R10_J23_Bd	0	0	0	0
R10_J24_Pre	0	0	0	0
R10_J25_Bd	1	0.976864952268416	0.983347419162989	0.5
R10_J27_Bd	0	0	0	0
R10_J3_Bd	2	0.373380035026269	0.376709163563215	0.5
R10_J4_Pre	1	40204	0.628727812964266	0.5
R10_J5_Pre	3	23396	0.140660979143745	0.6
R10_J6_Bd	0	0	0	0
R11_J10_Pre	1	624974	0.468087464845169	0.25
R11_J11_Bd	1	0.398167878561543	0.399545895423684	0.5
R11_J13_Pre	1	104914	0.305130688444681	0.5
R11_J15_Pre	0	0	0	0
R11_J16_Pre	0	0	0	0
R11_J2_Bd	0	0	0	0
R11_J21_Bd	1	0.202984375522768	0.211165639901153	0.5
R11_J24_Bd	1	0.325259515570934	0.325911087140766	0.25
R11_J25_Bd	1	0.675844260370905	0.682620329912272	0.333333333333333
R11_J26_Bd	1	0.323131253678634	0.375688816855753	0.5
R11_J28_Pre	1	252078	0.731458052834393	0.333333333333333
R11_J4_Pre	1	65664	0.395475734470422	0.5
R11_J6_Pre	0	0	0	0
R11_J8_Bd	0	0	0	0
R12_J1_Pre	1	56	1	1
R12_J12_Bd	0	0	0	0
R12_J17_Pre	3	68693	0.661648414097341	0.75
R12_J19_Bd	2	0.970667384284177	1	1
R12_J20_Bd	1	0.131991233054631	0.135911509849266	0.5
R12_J22_Pre	0	0	0	0
R12_J23_Bd	0	0	0	0
R12_J27_Pre	0	0	0	0
R12_J3_Bd	4	0.759457008279454	0.76754087696993	0.8
R12_J5_Bd	1	0.899054524774294	1	1
R12_J7_Pre	1	672	1	1
R12_J9_Pre	0	0	0	0
R13_J29_Bd	0	0	0	0
R2_J10_Pre	0	0	0	0
R2_J11_Bd	1	0.0486852382192137	0.0488378166623138	0.2
R2_J12_Pre	0	0	0	0
R2_J13_Pre	0	0	0	0
R2_J14_Pre	1	10170	1	1
R2_J17_Pre	0	0	0	0
R2_J18_Bd	3	0.982421875	1	1
R2_J19_Bd	0	0	0	0
R2_J2_Bd	0	0	0	0
R2_J20_Pre	3	578213	0.979482488459747	0.6
R2_J25_Bd	2	0.97295975606248	1	1
R2_J28_Pre	2	87307	1	1
R2_J3_Bd	0	0	0	0
R2_J6_Bd	1	0.983673308032891	1	1
R3_J15_Pre	0	0	0	0
R3_J16_Pre	0	0	0	0
R3_J19_Bd	0	0	0	0
R3_J20_Bd	0	0	0	0
R3_J21_Pre	0	0	0	0
R3_J25_Bd	0	0	0	0
R3_J28_Pre	0	0	0	0
R3_J6_Bd	0	0	0	0
R4_J10_Pre	0	0	0	0
R4_J11_Bd	1	0.973695884762924	1	1
R4_J13_Pre	1	8346	1	1
R4_J14_Pre	0	0	0	0
R4_J2_Bd	0	0	0	0
R4_J22_Pre	0	0	0	0
R4_J23_Pre	2	12741	1	1
R4_J26_Pre	3	120383	0.868182113211357	0.75
R4_J27_Pre	0	0	0	0
R4_J3_Bd	2	0.993122306927411	1	1
R4_J5_Bd	0	0	0	0
R4_J8_Bd	0	0	0	0
R4_J9_Bd	0	0	0	0
R5_J1_Bd	1	0.657955898191713	0.665710762524734	0.5
R5_J11_Pre	2	103464	0.471465286258498	0.4
R5_J12_Bd	0	0	0	0
R5_J13_Pre	0	0	0	0
R5_J14_Bd	0	0	0	0
R5_J15_Pre	1	56347	0.749654089723804	0.5
R5_J17_Bd	2	0.292856932283836	0.294419252541419	0.4
R5_J18_Bd	0	0	0	0
R5_J21_Pre	1	149476	0.547074238365028	0.2
R5_J25_Pre	0	0	0	0
R5_J3_Pre	0	0	0	0
R5_J4_Bd	1	0.702095318273233	0.706639678019159	0.25
R5_J5_Pre	0	0	0	0
R5_J8_Bd	0	0	0	0
R6_J10_Pre	4	147243	0.418206554154998	0.666666666666667
R6_J16_Bd	0	0	0	0
R6_J19_Bd	2	0.971894727739183	1	1
R6_J2_Pre	0	0	0	0
R6_J20_Bd	0	0	0	0
R6_J22_Bd	0	0	0	0
R6_J23_Bd	1	0.797124924073699	1	1
R6_J24_Pre	2	102	0.684563758389262	0.666666666666667
R6_J26_Pre	2	69371	1	1
R6_J27_Bd	0	0	0	0
R6_J28_Pre	0	0	0	0
R6_J6_Pre	0	0	0	0
R6_J7_Bd	2	0.4968864717879	0.507865480822679	0.5
R6_J9_Pre	0	0	0	0
R7_J10_Pre	0	0	0	0
R7_J13_Bd	0	0	0	0
R7_J14_Pre	0	0	0	0
R7_J17_Bd	0	0	0	0
R7_J19_Bd	2	0.990938945753529	1	1
R7_J20_Pre	0	0	0	0
R7_J21_Pre	0	0	0	0
R7_J22_Bd	0	0	0	0
R7_J23_Bd	1	0.0663069801661506	0.0676719957450802	0.166666666666667
R7_J26_Pre	1	5427	0.0389364404043593	0.5
R7_J27_Bd	0	0	0	0
R7_J5_Pre	2	588221	0.933253052954905	0.5
R7_J8_Pre	1	3187	0.00553454270124584	0.333333333333333
R8_J1_Bd	0	0	0	0
R8_J11_Bd	0	0	0	0
R8_J12_Pre	0	0	0	0
R8_J16_Bd	2	0.709304493753496	0.710990067286127	0.666666666666667
R8_J18_Pre	0	0	0	0
R8_J2_Bd	0	0	0	0
R8_J24_Bd	3	0.989490173739675	1	1
R8_J25_Pre	2	277237	0.677753249578905	0.666666666666667
R8_J28_Pre	0	0	0	0
R8_J3_Bd	0	0	0	0
R8_J4_Pre	3	395966	0.981856413486311	0.75
R8_J6_Bd	0	0	0	0
R8_J9_Pre	0	0	0	0
R9_J11_Pre	0	0	0	0
R9_J12_Bd	0	0	0	0
R9_J13_Bd	3	0.956284999096797	0.958635140728477	0.6
R9_J14_Bd	0	0	0	0
R9_J15_Bd	0	0	0	0
R9_J17_Pre	0	0	0	0
R9_J19_Pre	0	0	0	0
R9_J2_Pre	0	0	0	0
R9_J20_Bd	0	0	0	0
R9_J26_Bd	0	0	0	0
R9_J28_Pre	0	0	0	0
R9_J7_Bd	1	0.211854792966535	0.213435347153878	0.5
R9_J8_Pre	1	41638	0.172434785129477	0.5
R9_J9_Pre	3	604536	0.950996323662431	0.75
