sampleID	anyedge	anyevap	primers	Run1_1	Run1_2	Run2_1	Run2_2	Run3_1	Run3_2	Run4_1	Run4_2	sd	ave_log10copies	nRep	Run1_ave	Run2_ave	Run3_ave	Run4_ave	ave_over_same_plate	R1	R2	R3	R4	totalStDev	lwr_95	upr_95
R8_J25_Pre	TRUE	FALSE	515F/806R	5.50368188512518	5.72459499263622	NA	NA	NA	NA	NA	NA	0.156209156374053	5.6141384388807	2	5.6141384388807	NA	NA	NA	TRUE	5.50368188512518	5.72459499263622	NA	NA	0.350673253365182	4.91279193215034	6.31548494561107
R10_J18_Pre	TRUE	FALSE	515F/806R	5.3740795287187	5.56553755522827	NA	NA	NA	NA	NA	NA	0.135381268857513	5.46980854197349	2	5.46980854197349	NA	NA	NA	TRUE	5.3740795287187	5.56553755522827	NA	NA	0.350673253365182	4.76846203524312	6.17115504870385
R12_J1_Pre	TRUE	FALSE	515F/806R	1.82768777614138	1.74521354933726	NA	NA	NA	NA	NA	NA	0.0583180850463136	1.78645066273932	2	1.78645066273932	NA	NA	NA	TRUE	1.82768777614138	1.74521354933726	NA	NA	0.350673253365182	1.08510415600896	2.48779716946968
R6_J10_Pre	TRUE	FALSE	515F/806R	5.44771723122238	5.6480117820324	NA	NA	NA	NA	NA	NA	0.141629635112475	5.54786450662739	2	5.54786450662739	NA	NA	NA	TRUE	5.44771723122238	5.6480117820324	NA	NA	0.350673253365182	4.84651799989702	6.24921101335775
R12_J17_Pre	FALSE	FALSE	515F/806R	5.00883652430044	5.04712812960235	NA	NA	NA	NA	NA	NA	0.0270762537715018	5.02798232695139	2	5.02798232695139	NA	NA	NA	TRUE	5.00883652430044	5.04712812960235	NA	NA	0.350673253365182	4.32663582022103	5.72932883368176
R9_J8_Pre	TRUE	FALSE	515F/806R	5.38880706921944	5.37997054491899	NA	NA	NA	NA	NA	NA	0.00624836625496211	5.38438880706921	2	5.38438880706921	NA	NA	NA	TRUE	5.38880706921944	5.37997054491899	NA	NA	0.350673253365182	4.68304230033885	6.08573531379958
R5_J21_Pre	FALSE	FALSE	515F/806R	5.45360824742268	5.42709867452135	NA	NA	NA	NA	NA	NA	0.0187450987648863	5.44035346097201	2	5.44035346097201	NA	NA	NA	TRUE	5.45360824742268	5.42709867452135	NA	NA	0.350673253365182	4.73900695424165	6.14169996770238
R1_J5_Pre	FALSE	FALSE	515F/806R	5.39469808541973	5.47422680412371	NA	NA	NA	NA	NA	NA	0.056235296294659	5.43446244477172	2	5.43446244477172	NA	NA	NA	TRUE	5.39469808541973	5.47422680412371	NA	NA	0.350673253365182	4.73311593804135	6.13580895150208
R10_J4_Pre	TRUE	FALSE	515F/806R	4.76730486008836	4.84977908689248	NA	NA	NA	NA	NA	NA	0.0583180850463124	4.80854197349042	2	4.80854197349042	NA	NA	NA	TRUE	4.76730486008836	4.84977908689248	NA	NA	0.350673253365182	4.10719546676006	5.50988848022079
R10_J5_Pre	FALSE	FALSE	515F/806R	5.21502209131075	5.23269513991163	NA	NA	NA	NA	NA	NA	0.0124967325099242	5.22385861561119	2	5.22385861561119	NA	NA	NA	TRUE	5.21502209131075	5.23269513991163	NA	NA	0.350673253365182	4.52251210888082	5.92520512234155
R9_J19_Pre	TRUE	TRUE	515F/806R	5.40942562592047	3.88659793814433	NA	NA	5.09880940266612	5.14439808690343	NA	NA	0.334880088377653	4.88480776340859	4	4.6480117820324	NA	5.12160374478477	NA	FALSE	4.6480117820324	5.12160374478477	NA	NA	0.350673253365182	4.18346125667822	5.58615427013895
R5_J5_Pre	TRUE	FALSE	515F/806R	4.58762886597938	4.32547864506627	NA	NA	NA	NA	NA	NA	0.18536819889721	4.45655375552282	2	4.45655375552282	NA	NA	NA	TRUE	4.58762886597938	4.32547864506627	NA	NA	0.350673253365182	3.75520724879246	5.15790026225319
R10_J10_Pre	TRUE	FALSE	515F/806R	5.98969072164948	6.1782032400589	NA	NA	NA	NA	NA	NA	0.133298480105858	6.08394698085419	2	6.08394698085419	NA	NA	NA	TRUE	5.98969072164948	6.1782032400589	NA	NA	0.350673253365182	5.38260047412383	6.78529348758456
R9_J2_Pre	TRUE	FALSE	515F/806R	5.87776141384388	6.10751104565537	NA	NA	NA	NA	NA	NA	0.162457522629016	5.99263622974963	2	5.99263622974963	NA	NA	NA	TRUE	5.87776141384388	6.10751104565537	NA	NA	0.350673253365182	5.29128972301926	6.69398273647999
R7_J21_Pre	TRUE	FALSE	515F/806R	NA	NA	4.18117947243585	4.23614605045641	4.32380177063193	4.22122723109799	NA	NA	0.0451499979336116	4.24058863115555	4	NA	4.20866276144613	4.27251450086496	NA	FALSE	4.20866276144613	4.27251450086496	NA	NA	0.350673253365182	3.53924212442518	4.94193513788591
R12_J18_Pre	TRUE	FALSE	515F/806R	NA	NA	1.92176381801193	NA	2.26661239442353	NA	NA	NA	0.243844766863165	2.09418810621773	2	NA	1.92176381801193	2.26661239442353	NA	FALSE	1.92176381801193	2.26661239442353	NA	NA	0.350673253365182	1.39284159948737	2.79553461294809
R2_J14_Pre	TRUE	FALSE	515F/806R	NA	NA	3.94106231581974	NA	4.11295410603439	NA	NA	NA	0.121545850491077	4.02700821092707	2	NA	3.94106231581974	4.11295410603439	NA	FALSE	3.94106231581974	4.11295410603439	NA	NA	0.350673253365182	3.3256617041967	4.72835471765743
UNKNOWN	TRUE	FALSE	515F/806R	NA	NA	0.31326816646302	NA	0.0954513076218584	NA	NA	NA	0.154019777943339	0.204359737042439	2	NA	0.31326816646302	0.0954513076218584	NA	FALSE	0.31326816646302	0.0954513076218584	NA	NA	0.350673253365182	-0.496986769687924	0.905706243772803
R7_J14_Pre	FALSE	FALSE	515F/806R	NA	NA	2.23131244160138	NA	2.95329195074794	NA	NA	NA	0.510516606795266	2.59230219617466	2	NA	2.23131244160138	2.95329195074794	NA	FALSE	2.23131244160138	2.95329195074794	NA	NA	0.350673253365182	1.8909556894443	3.29364870290502
R2_J10_Pre	FALSE	FALSE	515F/806R	NA	NA	1.52831883849637	NA	1.94179301923272	NA	NA	NA	0.292370397044228	1.73505592886455	2	NA	1.52831883849637	1.94179301923272	NA	FALSE	1.52831883849637	1.94179301923272	NA	NA	0.350673253365182	1.03370942213418	2.43640243559491
R12_J22_Pre	TRUE	NA	515F/806R	NA	NA	0.342197944368577	NA	1.15823750890404	NA	NA	NA	0.577027109799542	0.750217726636308	4	NA	0.342197944368577	1.15823750890404	NA	FALSE	0.342197944368577	1.15823750890404	NA	NA	0.350673253365182	0.0488712199059443	1.45156423336667
R8_J12_Pre	FALSE	FALSE	515F/806R	NA	NA	5.28340401063754	NA	5.15009667243309	NA	NA	NA	0.0942625228262917	5.21675034153531	2	NA	5.28340401063754	5.15009667243309	NA	FALSE	5.28340401063754	5.15009667243309	NA	NA	0.350673253365182	4.51540383480495	5.91809684826568
R5_J15_Pre	TRUE	FALSE	515F/806R	NA	NA	4.97674836483864	NA	4.79393507682914	NA	NA	NA	0.129268515642527	4.88534172083389	2	NA	4.97674836483864	4.79393507682914	NA	FALSE	4.97674836483864	4.79393507682914	NA	NA	0.350673253365182	4.18399521410353	5.58668822756426
R6_J6_Pre	FALSE	FALSE	515F/806R	NA	NA	5.36730036656365	NA	5.52335402462603	NA	NA	NA	0.110346599844875	5.44532719559484	2	NA	5.36730036656365	5.52335402462603	NA	FALSE	5.36730036656365	5.52335402462603	NA	NA	0.350673253365182	4.74398068886447	6.1466737023252
R2_J13_Pre	FALSE	FALSE	515F/806R	NA	NA	5.45987565586143	NA	5.6287778569248	NA	NA	NA	0.119431891729242	5.54432675639311	2	NA	5.45987565586143	5.6287778569248	NA	FALSE	5.45987565586143	5.6287778569248	NA	NA	0.350673253365182	4.84298024966275	6.24567326312348
R4_J22_Pre	FALSE	FALSE	515F/806R	NA	NA	5.46276863365198	NA	5.6743665411621	NA	NA	NA	0.149622315285288	5.56856758740704	2	NA	5.46276863365198	5.6743665411621	NA	FALSE	5.46276863365198	5.6743665411621	NA	NA	0.350673253365182	4.86722108067668	6.26991409413741
R4_J27_Pre	TRUE	FALSE	515F/806R	NA	NA	5.13875512110976	NA	5.48631321868322	NA	NA	NA	0.24576068765049	5.31253416989649	2	NA	5.13875512110976	5.48631321868322	NA	FALSE	5.13875512110976	5.48631321868322	NA	NA	0.350673253365182	4.61118766316612	6.01388067662685
R7_J5_Pre	FALSE	FALSE	515F/806R	NA	NA	5.74917343491699	NA	5.85672127811132	NA	NA	NA	0.0760478092247024	5.80294735651415	2	NA	5.74917343491699	5.85672127811132	NA	FALSE	5.74917343491699	5.85672127811132	NA	NA	0.350673253365182	5.10160084978379	6.50429386324452
R6_J28_Pre	FALSE	FALSE	515F/806R	NA	NA	4.98253432041975	NA	5.23557545537804	NA	NA	NA	0.178927102448143	5.1090548878989	2	NA	4.98253432041975	5.23557545537804	NA	FALSE	4.98253432041975	5.23557545537804	NA	NA	0.350673253365182	4.40770838116853	5.81040139462926
R1_J9_Pre	FALSE	FALSE	515F/806R	NA	NA	4.53122978509308	NA	4.5830874122316	NA	NA	NA	0.036668879805894	4.55715859866234	2	NA	4.53122978509308	4.5830874122316	NA	FALSE	4.53122978509308	4.5830874122316	NA	NA	0.350673253365182	3.85581209193198	5.25850510539271
R11_J13_Pre	FALSE	FALSE	515F/806R	NA	NA	5.61609645655143	NA	5.46351887656456	NA	NA	NA	0.107888641465745	5.539807666558	2	NA	5.61609645655143	5.46351887656456	NA	FALSE	5.61609645655143	5.46351887656456	NA	NA	0.350673253365182	4.83846115982763	6.24115417328836
R9_J9_Pre	FALSE	FALSE	515F/806R	NA	NA	5.74628045712643	NA	5.86526915640582	NA	NA	NA	0.0841377161450209	5.80577480676612	2	NA	5.74628045712643	5.86526915640582	NA	FALSE	5.74628045712643	5.86526915640582	NA	NA	0.350673253365182	5.10442830003576	6.50712131349649
R9_J17_Pre	FALSE	FALSE	515F/806R	NA	NA	5.08089556529864	NA	5.27261626132085	NA	NA	NA	0.135567004251106	5.17675591330975	2	NA	5.08089556529864	5.27261626132085	NA	FALSE	5.08089556529864	5.27261626132085	NA	NA	0.350673253365182	4.47540940657938	5.87810242004011
R3_J21_Pre	FALSE	FALSE	515F/806R	NA	NA	5.63924027887587	NA	5.50055968250737	NA	NA	NA	0.098061990111161	5.56989998069162	2	NA	5.63924027887587	5.50055968250737	NA	FALSE	5.63924027887587	5.50055968250737	NA	NA	0.350673253365182	4.86855347396126	6.27124648742199
R4_J23_Pre	TRUE	FALSE	515F/806R	NA	NA	4.14935671673974	NA	4.06736542179709	NA	NA	NA	0.057976600652218	4.10836106926841	2	NA	4.14935671673974	4.06736542179709	NA	FALSE	4.14935671673974	4.06736542179709	NA	NA	0.350673253365182	3.40701456253805	4.80970757599878
R7_J20_Pre	TRUE	FALSE	515F/806R	NA	NA	4.65852080787753	NA	4.40643126081205	NA	NA	NA	0.178254228196246	4.53247603434479	2	NA	4.65852080787753	4.40643126081205	NA	FALSE	4.65852080787753	4.40643126081205	NA	NA	0.350673253365182	3.83112952761442	5.23382254107515
R8_J18_Pre	TRUE	FALSE	515F/806R	NA	NA	5.43673183353698	NA	5.57749058715783	NA	NA	NA	0.0995314691966658	5.50711121034741	2	NA	5.43673183353698	5.57749058715783	NA	FALSE	5.43673183353698	5.57749058715783	NA	NA	0.350673253365182	4.80576470361704	6.20845771707777
R12_J7_Pre	TRUE	FALSE	515F/806R	NA	NA	2.69418888809028	NA	3.02737356263356	NA	NA	NA	0.235597142756988	2.86078122536192	2	NA	2.69418888809028	3.02737356263356	NA	FALSE	2.69418888809028	3.02737356263356	NA	NA	0.350673253365182	2.15943471863155	3.56212773209228
R8_J7_Pre	TRUE	FALSE	515F/806R	NA	NA	5.7028857902681	NA	5.85387198534649	NA	NA	NA	0.106763362405487	5.7783788878073	2	NA	5.7028857902681	5.85387198534649	NA	FALSE	5.7028857902681	5.85387198534649	NA	NA	0.350673253365182	5.07703238107693	6.47972539453766
R8_J28_Pre	TRUE	FALSE	515F/806R	NA	NA	5.31233378854309	NA	5.07316576778264	NA	NA	NA	0.169117329322683	5.19274977816286	2	NA	5.31233378854309	5.07316576778264	NA	FALSE	5.31233378854309	5.07316576778264	NA	NA	0.350673253365182	4.4914032714325	5.89409628489323
R1_J15_Pre	TRUE	FALSE	515F/806R	NA	NA	2.2949579529936	NA	2.39198127607612	NA	NA	NA	0.0686058496848972	2.34346961453486	2	NA	2.2949579529936	2.39198127607612	NA	FALSE	2.2949579529936	2.39198127607612	NA	NA	0.350673253365182	1.6421231078045	3.04481612126522
R9_J11_Pre	TRUE	FALSE	515F/806R	NA	NA	0.894756702364696	NA	1.08700518978325	NA	NA	NA	0.135940209126516	0.990880946073972	2	NA	0.894756702364696	1.08700518978325	NA	FALSE	0.894756702364696	1.08700518978325	NA	NA	0.350673253365182	0.289534439343609	1.69222745280434
R5_J3_Pre	TRUE	TRUE	515F/806R	NA	NA	2.10980737439805	NA	NA	NA	2.1290164336522	2.12043168996812	0.0105476908219441	2.1172657181041	3	NA	2.10980737439805	NA	2.12472406181016	FALSE	2.10980737439805	2.12472406181016	NA	NA	0.350673253365182	1.41591921137374	2.81861222483447
R4_J10_Pre	TRUE	FALSE	515F/806R	NA	NA	4.98253432041975	NA	5.11305586649028	NA	NA	NA	0.092292670317421	5.04779509345502	2	NA	4.98253432041975	5.11305586649028	NA	FALSE	4.98253432041975	5.11305586649028	NA	NA	0.350673253365182	4.34644858672465	5.74914160018538
R3_J7_Pre	TRUE	FALSE	515F/806R	NA	NA	4.95649752030475	NA	4.95919405718938	NA	NA	NA	0.00190673951683548	4.95784578874706	2	NA	4.95649752030475	4.95919405718938	NA	FALSE	4.95649752030475	4.95919405718938	NA	NA	0.350673253365182	4.2564992820167	5.65919229547743
R7_J8_Pre	TRUE	FALSE	515F/806R	NA	NA	5.73470854596421	NA	5.79403683728503	NA	NA	NA	0.0419514371091626	5.76437269162462	2	NA	5.73470854596421	5.79403683728503	NA	FALSE	5.73470854596421	5.79403683728503	NA	NA	0.350673253365182	5.06302618489426	6.46571919835498
R7_J26_Pre	TRUE	FALSE	515F/806R	NA	NA	5.15322001006253	NA	5.15009667243309	NA	NA	NA	0.00220853321771493	5.15165834124781	2	NA	5.15322001006253	5.15009667243309	NA	FALSE	5.15322001006253	5.15009667243309	NA	NA	0.350673253365182	4.45031183451745	5.85300484797818
R6_J9_Pre	TRUE	FALSE	515F/806R	NA	NA	2.40778408682527	NA	2.43756996031342	NA	NA	NA	0.021061793127035	2.42267702356935	2	NA	2.40778408682527	2.43756996031342	NA	FALSE	2.40778408682527	2.43756996031342	NA	NA	0.350673253365182	1.72133051683898	3.12402353029971
R11_J4_Pre	TRUE	FALSE	515F/806R	NA	NA	5.19661467692087	NA	5.24697262643736	NA	NA	NA	0.0356084475897633	5.22179365167912	2	NA	5.19661467692087	5.24697262643736	NA	FALSE	5.19661467692087	5.24697262643736	NA	NA	0.350673253365182	4.52044714494875	5.92314015840948
R6_J24_Pre	TRUE	FALSE	515F/806R	NA	NA	2.29206497520305	NA	2.15264068383026	NA	NA	NA	0.0985878618918263	2.22235282951666	2	NA	2.29206497520305	2.15264068383026	NA	FALSE	2.29206497520305	2.15264068383026	NA	NA	0.350673253365182	1.52100632278629	2.92369933624702
R2_J17_Pre	TRUE	NA	515F/806R	NA	NA	NA	NA	5.67151724839727	NA	5.42269642711145	5.20235467255335	0.253845464444897	5.49202139911483	4	NA	NA	5.67151724839727	5.3125255498324	FALSE	5.67151724839727	5.3125255498324	NA	NA	0.350673253365182	4.79067489238447	6.1933679058452
R8_J4_Pre	TRUE	FALSE	515F/806R	NA	NA	5.56980881190254	NA	5.64872290627862	NA	NA	NA	0.0558006912645198	5.60926585909058	2	NA	5.56980881190254	5.64872290627862	NA	FALSE	5.56980881190254	5.64872290627862	NA	NA	0.350673253365182	4.90791935236022	6.31061236582094
R6_J26_Pre	TRUE	FALSE	515F/806R	NA	NA	4.70191547473586	NA	5.00763203419151	NA	NA	NA	0.216174252312111	4.85477375446369	2	NA	4.70191547473586	5.00763203419151	NA	FALSE	4.70191547473586	5.00763203419151	NA	NA	0.350673253365182	4.15342724773332	5.55612026119405
R3_J24_Pre	TRUE	FALSE	515F/806R	NA	NA	4.86392223100697	NA	5.20993182049455	NA	NA	NA	0.244665727082241	5.03692702575076	2	NA	4.86392223100697	5.20993182049455	NA	FALSE	4.86392223100697	5.20993182049455	NA	NA	0.350673253365182	4.3355805190204	5.73827353248113
R3_J15_Pre	TRUE	FALSE	515F/806R	NA	NA	5.56691583411198	NA	5.6287778569248	NA	NA	NA	0.0437430558288554	5.59784684551839	2	NA	5.56691583411198	5.6287778569248	NA	FALSE	5.56691583411198	5.6287778569248	NA	NA	0.350673253365182	4.89650033878803	6.29919335224875
R5_J11_Pre	FALSE	FALSE	515F/806R	NA	NA	5.3181197441242	NA	5.37234150808995	NA	NA	NA	0.0383405769880778	5.34523062610708	2	NA	5.3181197441242	5.37234150808995	NA	FALSE	5.3181197441242	5.37234150808995	NA	NA	0.350673253365182	4.64388411937671	6.04657713283744
R8_J9_Pre	FALSE	FALSE	515F/806R	NA	NA	2.52928915402861	NA	2.62277399002747	NA	NA	NA	0.06610376147291	2.57603157202804	2	NA	2.52928915402861	2.62277399002747	NA	FALSE	2.52928915402861	2.62277399002747	NA	NA	0.350673253365182	1.87468506529768	3.2773780787584
R10_J22_Pre	FALSE	FALSE	515F/806R	NA	NA	5.91407316897866	NA	5.91085784064312	NA	NA	NA	0.00227358046979598	5.91246550481089	2	NA	5.91407316897866	5.91085784064312	NA	FALSE	5.91407316897866	5.91085784064312	NA	NA	0.350673253365182	5.21111899808053	6.61381201154125
R11_J28_Pre	FALSE	FALSE	515F/806R	NA	NA	5.50037734492921	NA	5.57749058715783	NA	NA	NA	0.0545272964991393	5.53893396604352	2	NA	5.50037734492921	5.57749058715783	NA	FALSE	5.50037734492921	5.57749058715783	NA	NA	0.350673253365182	4.83758745931315	6.24028047277388
R6_J2_Pre	TRUE	FALSE	515F/806R	NA	NA	5.34126356644865	NA	5.21278111325939	NA	NA	NA	0.090850813913611	5.27702233985402	2	NA	5.34126356644865	5.21278111325939	NA	FALSE	5.34126356644865	5.21278111325939	NA	NA	0.350673253365182	4.57567583312365	5.97836884658438
R11_J6_Pre	FALSE	FALSE	515F/806R	NA	NA	4.98253432041975	NA	5.34099928767681	NA	NA	NA	0.253473009165274	5.16176680404828	2	NA	4.98253432041975	5.34099928767681	NA	FALSE	4.98253432041975	5.34099928767681	NA	NA	0.350673253365182	4.46042029731792	5.86311331077864
R1_J1_Pre	FALSE	FALSE	515F/806R	NA	NA	3.17442320132251	NA	3.25531698382009	NA	NA	NA	0.0572005421598683	3.2148700925713	2	NA	3.17442320132251	3.25531698382009	NA	FALSE	3.17442320132251	3.25531698382009	NA	NA	0.350673253365182	2.51352358584093	3.91621659930166
R9_J28_Pre	FALSE	FALSE	515F/806R	NA	NA	5.83885574642421	NA	5.77979037346087	NA	NA	NA	0.0417655257556901	5.80932305994254	2	NA	5.83885574642421	5.77979037346087	NA	FALSE	5.83885574642421	5.77979037346087	NA	NA	0.350673253365182	5.10797655321218	6.5106695666729
R4_J26_Pre	FALSE	FALSE	515F/806R	NA	NA	5.03460792064975	NA	5.25267121196703	NA	NA	NA	0.1541940320183	5.14363956630839	2	NA	5.03460792064975	5.25267121196703	NA	FALSE	5.03460792064975	5.25267121196703	NA	NA	0.350673253365182	4.44229305957803	5.84498607303875
R4_J13_Pre	TRUE	FALSE	515F/806R	NA	NA	4.03653058290807	NA	3.81662765849191	NA	NA	NA	0.155494849057424	3.92657912069999	2	NA	4.03653058290807	3.81662765849191	NA	FALSE	4.03653058290807	3.81662765849191	NA	NA	0.350673253365182	3.22523261396963	4.62792562743035
R12_J27_Pre	FALSE	FALSE	515F/806R	NA	NA	5.48012650039532	NA	5.84817339981683	NA	NA	NA	0.260248458375634	5.66414995010607	2	NA	5.48012650039532	5.84817339981683	NA	FALSE	5.48012650039532	5.84817339981683	NA	NA	0.350673253365182	4.96280344337571	6.36549645683644
R10_J21_Pre	FALSE	FALSE	515F/806R	NA	NA	1.37788399338748	NA	1.48590617685967	NA	NA	NA	0.0763832184517643	1.43189508512358	2	NA	1.37788399338748	1.48590617685967	NA	FALSE	1.37788399338748	1.48590617685967	NA	NA	0.350673253365182	0.730548578393212	2.13324159185394
R11_J10_Pre	FALSE	FALSE	515F/806R	NA	NA	6.03557823618199	NA	6.21858145924493	NA	NA	NA	0.129402820006801	6.12707984771346	2	NA	6.03557823618199	6.21858145924493	NA	FALSE	6.03557823618199	6.21858145924493	NA	NA	0.350673253365182	5.4257333409831	6.82842635444383
R1_J24_Pre	FALSE	FALSE	515F/806R	NA	NA	4.18407245022641	NA	4.1585427902717	NA	NA	NA	0.0180521956753628	4.17130762024905	2	NA	4.18407245022641	4.1585427902717	NA	FALSE	4.18407245022641	4.1585427902717	NA	NA	0.350673253365182	3.46996111351869	4.87265412697942
R10_J24_Pre	TRUE	FALSE	515F/806R	NA	NA	2.08087759649249	NA	2.59143176961433	NA	NA	NA	0.361016317977541	2.33615468305341	2	NA	2.08087759649249	2.59143176961433	NA	FALSE	2.08087759649249	2.59143176961433	NA	NA	0.350673253365182	1.63480817632304	3.03750118978377
R1_J27_Pre	FALSE	FALSE	515F/806R	NA	NA	5.87935743549199	NA	5.7911875445202	NA	NA	NA	0.0623455278026327	5.83527249000609	2	NA	5.87935743549199	5.7911875445202	NA	FALSE	5.87935743549199	5.7911875445202	NA	NA	0.350673253365182	5.13392598327573	6.53661899673646
R5_J25_Pre	FALSE	FALSE	515F/806R	NA	NA	4.46758427370086	NA	4.72270275770835	NA	NA	NA	0.180396010047732	4.5951435157046	2	NA	4.46758427370086	4.72270275770835	NA	FALSE	4.46758427370086	4.72270275770835	NA	NA	0.350673253365182	3.89379700897424	5.29649002243497
R12_J9_Pre	FALSE	FALSE	515F/806R	NA	NA	3.17731617911306	NA	3.20402971405312	NA	NA	NA	0.0188893217055782	3.19067294658309	2	NA	3.17731617911306	3.20402971405312	NA	FALSE	3.17731617911306	3.20402971405312	NA	NA	0.350673253365182	2.48932643985273	3.89201945331345
R3_J16_Pre	FALSE	FALSE	515F/806R	NA	NA	2.51482426507583	NA	2.45751500966724	NA	NA	NA	0.0405237631241639	2.48616963737154	2	NA	2.51482426507583	2.45751500966724	NA	FALSE	2.51482426507583	2.45751500966724	NA	NA	0.350673253365182	1.78482313064117	3.1875161441019
R3_J28_Pre	TRUE	FALSE	515F/806R	NA	NA	4.48204916265364	NA	4.6372239747634	NA	NA	NA	0.109725161912166	4.55963656870852	2	NA	4.48204916265364	4.6372239747634	NA	FALSE	4.48204916265364	4.6372239747634	NA	NA	0.350673253365182	3.85829006197816	5.26098307543888
R5_J13_Pre	TRUE	FALSE	515F/806R	NA	NA	3.74723280385251	NA	3.81662765849191	NA	NA	NA	0.0490695722949705	3.78193023117221	2	NA	3.74723280385251	3.81662765849191	NA	FALSE	3.74723280385251	3.81662765849191	NA	NA	0.350673253365182	3.08058372444185	4.48327673790257
R11_J15_Pre	TRUE	TRUE	515F/806R	NA	NA	1.42995759361748	NA	1.63976798616058	NA	NA	NA	0.148358351330635	1.53486278988903	2	NA	1.42995759361748	1.63976798616058	NA	FALSE	1.42995759361748	1.63976798616058	NA	NA	0.350673253365182	0.833516283158665	2.23620929661939
R7_J10_Pre	TRUE	FALSE	515F/806R	NA	NA	5.39333716667865	NA	5.36094433703063	NA	NA	NA	0.022905189505937	5.37714075185464	2	NA	5.39333716667865	5.36094433703063	NA	FALSE	5.39333716667865	5.36094433703063	NA	NA	0.350673253365182	4.67579424512427	6.078487258585
R11_J16_Pre	TRUE	FALSE	515F/806R	NA	NA	3.47818586933084	NA	3.38638445100234	NA	NA	NA	0.0649134054226289	3.43228516016659	2	NA	3.47818586933084	3.38638445100234	NA	FALSE	3.47818586933084	3.38638445100234	NA	NA	0.350673253365182	2.73093865343623	4.13363166689695
R2_J20_Pre	TRUE	FALSE	515F/806R	NA	NA	5.70867174584921	NA	5.8367762287575	NA	NA	NA	0.090583548564851	5.77272398730335	2	NA	5.70867174584921	5.8367762287575	NA	FALSE	5.70867174584921	5.8367762287575	NA	NA	0.350673253365182	5.07137748057299	6.47407049403372
R2_J28_Pre	TRUE	FALSE	515F/806R	NA	NA	4.94492560914253	NA	4.9705912282487	NA	NA	NA	0.0181483333133238	4.95775841869562	2	NA	4.94492560914253	4.9705912282487	NA	FALSE	4.94492560914253	4.9705912282487	NA	NA	0.350673253365182	4.25641191196525	5.65910492542598
R2_J12_Pre	TRUE	FALSE	515F/806R	NA	NA	4.58619636311364	NA	4.5289508496998	NA	NA	NA	0.0404786907274269	4.55757360640672	2	NA	4.58619636311364	4.5289508496998	NA	FALSE	4.58619636311364	4.5289508496998	NA	NA	0.350673253365182	3.85622709967636	5.25892011313708
R1_J8_Pre	TRUE	FALSE	515F/806R	NA	NA	5.69999281247754	NA	5.64302432074895	NA	NA	NA	0.040282806815253	5.67150856661325	2	NA	5.69999281247754	5.64302432074895	NA	FALSE	5.69999281247754	5.64302432074895	NA	NA	0.350673253365182	4.97016205988288	6.37285507334361
R3_J4_Pre	TRUE	FALSE	515F/806R	NA	NA	6.05004312513477	NA	5.86241986364099	NA	NA	NA	0.13266968051059	5.95623149438788	2	NA	6.05004312513477	5.86241986364099	NA	FALSE	6.05004312513477	5.86241986364099	NA	NA	0.350673253365182	5.25488498765751	6.65757800111824
R4_J14_Pre	TRUE	FALSE	515F/806R	NA	NA	0.553385323079134	NA	0.688104202706828	NA	NA	NA	0.0952606333385963	0.620744762892981	2	NA	0.553385323079134	0.688104202706828	NA	FALSE	0.553385323079134	0.688104202706828	NA	NA	0.350673253365182	-0.0806017438373823	1.32209126962334
R6_J27_Bd	TRUE	FALSE	ITS1-3/5.8SChytr	NA	NA	2.69755001604793	NA	3.43148450244698	NA	NA	NA	0.518970052279435	3.06451725924746	2	NA	2.69755001604793	3.43148450244698	NA	FALSE	2.69755001604793	3.43148450244698	NA	NA	0.350673253365182	2.36317075251709	3.76586376597782
R6_J16_Bd	TRUE	FALSE	ITS1-3/5.8SChytr	NA	NA	1.52626511180058	NA	2.3152528548124	NA	NA	NA	0.557898583356727	1.92075898330649	2	NA	1.52626511180058	2.3152528548124	NA	FALSE	1.52626511180058	2.3152528548124	NA	NA	0.350673253365182	1.21941247657612	2.62210549003685
R2_J18_Bd	TRUE	FALSE	ITS1-3/5.8SChytr	NA	NA	1.72097999358083	NA	2.38376835236541	NA	NA	NA	0.468662142988084	2.05237417297312	2	NA	1.72097999358083	2.38376835236541	NA	FALSE	1.72097999358083	2.38376835236541	NA	NA	0.350673253365182	1.35102766624276	2.75372067970348
R5_J8_Bd	TRUE	FALSE	ITS1-3/5.8SChytr	NA	NA	2.71552369744303	NA	2.48083197389886	NA	NA	NA	0.165952109206443	2.59817783567094	2	NA	2.71552369744303	2.48083197389886	NA	FALSE	2.71552369744303	2.48083197389886	NA	NA	0.350673253365182	1.89683132894058	3.29952434240131
R9_J15_Bd	TRUE	TRUE	ITS1-3/5.8SChytr	NA	NA	3.79394458114903	NA	NA	NA	5.17114277624423	5.11618220597665	0.954394686822646	4.46880353612974	3	NA	3.79394458114903	NA	5.14366249111044	FALSE	3.79394458114903	5.14366249111044	NA	NA	0.350673253365182	3.76745702939937	5.1701500428601
R5_J1_Bd	TRUE	FALSE	ITS1-3/5.8SChytr	NA	NA	2.26019043543383	NA	2.86337683523654	NA	NA	NA	0.426517193619997	2.56178363533518	2	NA	2.26019043543383	2.86337683523654	NA	FALSE	2.26019043543383	2.86337683523654	NA	NA	0.350673253365182	1.86043712860482	3.26313014206555
R9_J14_Bd	TRUE	FALSE	ITS1-3/5.8SChytr	NA	NA	2.07146678078528	NA	2.80342577487765	NA	NA	NA	0.5175731682732	2.43744627783146	2	NA	2.07146678078528	2.80342577487765	NA	FALSE	2.07146678078528	2.80342577487765	NA	NA	0.350673253365182	1.7360997711011	3.13879278456183
R12_J20_Bd	TRUE	FALSE	ITS1-3/5.8SChytr	NA	NA	3.65315074355408	NA	4.31933115823817	NA	NA	NA	0.471060688716786	3.98624095089613	2	NA	3.65315074355408	4.31933115823817	NA	FALSE	3.65315074355408	4.31933115823817	NA	NA	0.350673253365182	3.28489444416576	4.68758745762649
R1_J23_Bd	TRUE	FALSE	ITS1-3/5.8SChytr	NA	NA	1.39146250133733	NA	2.16680261011419	NA	NA	NA	0.548248248642037	1.77913255572576	2	NA	1.39146250133733	2.16680261011419	NA	FALSE	1.39146250133733	2.16680261011419	NA	NA	0.350673253365182	1.0777860489954	2.48047906245612
R4_J9_Bd	TRUE	FALSE	ITS1-3/5.8SChytr	NA	NA	2.26618166256553	NA	2.97185970636215	NA	NA	NA	0.498989730103051	2.61902068446384	2	NA	2.26618166256553	2.97185970636215	NA	FALSE	2.26618166256553	2.97185970636215	NA	NA	0.350673253365182	1.91767417773348	3.3203671911942
R9_J13_Bd	TRUE	FALSE	ITS1-3/5.8SChytr	NA	NA	0.993045897079276	NA	1.73858075040783	NA	NA	NA	0.527172750399538	1.36581332374355	2	NA	0.993045897079276	1.73858075040783	NA	FALSE	0.993045897079276	1.73858075040783	NA	NA	0.350673253365182	0.66446681701319	2.06715983047392
R11_J21_Bd	FALSE	FALSE	ITS1-3/5.8SChytr	NA	NA	4.07852786990478	NA	4.84176182707993	NA	NA	NA	0.539687906750393	4.46014484849236	2	NA	4.07852786990478	4.84176182707993	NA	FALSE	4.07852786990478	4.84176182707993	NA	NA	0.350673253365182	3.75879834176199	5.16149135522272
R1_J7_Bd	FALSE	FALSE	ITS1-3/5.8SChytr	NA	NA	2.29314218465818	NA	2.97471451876019	NA	NA	NA	0.481944419312679	2.63392835170919	2	NA	2.29314218465818	2.97471451876019	NA	FALSE	2.29314218465818	2.97471451876019	NA	NA	0.350673253365182	1.93258184497882	3.33527485843955
R12_J5_Bd	TRUE	FALSE	ITS1-3/5.8SChytr	NA	NA	1.34353268428373	NA	1.09624796084829	NA	NA	NA	0.17485670482504	1.21989032256601	2	NA	1.34353268428373	1.09624796084829	NA	FALSE	1.34353268428373	1.09624796084829	NA	NA	0.350673253365182	0.518543815835644	1.92123682929637
R9_J20_Bd	TRUE	FALSE	ITS1-3/5.8SChytr	NA	NA	1.59815983738098	NA	3.08890701468189	NA	2.99007593509956	2.90329608730866	0.822706590260356	2.54458428775566	4	NA	1.59815983738098	3.08890701468189	2.94668601120411	FALSE	1.59815983738098	3.08890701468189	2.94668601120411	NA	0.350673253365182	1.8432377810253	3.24593079448602
R6_20_Bd	FALSE	FALSE	ITS1-3/5.8SChytr	NA	NA	1.05894939552798	NA	1.74143556280587	NA	NA	NA	0.482590596948216	1.40019247916692	2	NA	1.05894939552798	1.74143556280587	NA	FALSE	1.05894939552798	1.74143556280587	NA	NA	0.350673253365182	0.698845972436561	2.10153898589729
R5_J12_Bd	FALSE	FALSE	ITS1-3/5.8SChytr	NA	NA	2.52680004279448	NA	3.16027732463295	NA	NA	NA	0.447936081715606	2.84353868371372	2	NA	2.52680004279448	3.16027732463295	NA	FALSE	2.52680004279448	3.16027732463295	NA	NA	0.350673253365182	2.14219217698335	3.54488519044408
R11_J2_Bd	FALSE	FALSE	ITS1-3/5.8SChytr	NA	NA	2.15833957419493	NA	2.85481239804241	NA	NA	NA	0.492480656654701	2.50657598611867	2	NA	2.15833957419493	2.85481239804241	NA	FALSE	2.15833957419493	2.85481239804241	NA	NA	0.350673253365182	1.80522947938831	3.20792249284903
R9_J12_Bd	FALSE	FALSE	ITS1-3/5.8SChytr	NA	NA	3.40751043115438	NA	4.02814029363785	NA	NA	NA	0.438851584368932	3.71782536239611	2	NA	3.40751043115438	4.02814029363785	NA	FALSE	3.40751043115438	4.02814029363785	NA	NA	0.350673253365182	3.01647885566575	4.41917186912648
R3_J6_Bd	TRUE	FALSE	ITS1-3/5.8SChytr	NA	NA	2.41296672729218	NA	3.06892332789559	NA	NA	NA	0.463831360450751	2.74094502759389	2	NA	2.41296672729218	3.06892332789559	NA	FALSE	2.41296672729218	3.06892332789559	NA	NA	0.350673253365182	2.03959852086352	3.44229153432425
R7_J15_Bd	FALSE	FALSE	ITS1-3/5.8SChytr	NA	NA	2.80239649085268	NA	3.48572593800979	NA	NA	NA	0.483186885869245	3.14406121443123	2	NA	2.80239649085268	3.48572593800979	NA	FALSE	2.80239649085268	3.48572593800979	NA	NA	0.350673253365182	2.44271470770087	3.8454077211616
R10_J27_Bd	FALSE	FALSE	ITS1-3/5.8SChytr	NA	NA	1.19674761955708	NA	1.92985318107667	NA	NA	NA	0.518383913876077	1.56330040031687	2	NA	1.19674761955708	1.92985318107667	NA	FALSE	1.19674761955708	1.92985318107667	NA	NA	0.350673253365182	0.86195389358651	2.26464690704724
R8_J24_Bd	FALSE	FALSE	ITS1-3/5.8SChytr	NA	NA	1.77190542420028	NA	2.27243066884176	NA	NA	NA	0.353924794641048	2.02216804652102	2	NA	1.77190542420028	2.27243066884176	NA	FALSE	1.77190542420028	2.27243066884176	NA	NA	0.350673253365182	1.32082153979066	2.72351455325138
R8_J11_Bd	TRUE	FALSE	ITS1-3/5.8SChytr	NA	NA	4.11447523269498	NA	4.31362153344209	NA	NA	NA	0.140817699706494	4.21404838306853	2	NA	4.11447523269498	4.31362153344209	NA	FALSE	4.11447523269498	4.31362153344209	NA	NA	0.350673253365182	3.51270187633817	4.9153948897989
R6_J23_Bd	FALSE	FALSE	ITS1-3/5.8SChytr	NA	NA	0.987054669947577	NA	1.57871125611745	NA	NA	NA	0.418364384214404	1.28288296303252	2	NA	0.987054669947577	1.57871125611745	NA	FALSE	0.987054669947577	1.57871125611745	NA	NA	0.350673253365182	0.581536456302152	1.98422946976288
R1_J4_Bd	FALSE	FALSE	ITS1-3/5.8SChytr	NA	NA	3.36257622766663	NA	3.88539967373572	NA	NA	NA	0.369692004078776	3.62398795070118	2	NA	3.36257622766663	3.88539967373572	NA	FALSE	3.36257622766663	3.88539967373572	NA	NA	0.350673253365182	2.92264144397081	4.32533445743154
R1_J26_Bd	FALSE	FALSE	ITS1-3/5.8SChytr	NA	NA	3.44645340751043	NA	3.97675367047308	NA	NA	NA	0.3749789120059	3.71160353899176	2	NA	3.44645340751043	3.97675367047308	NA	FALSE	3.44645340751043	3.97675367047308	NA	NA	0.350673253365182	3.01025703226139	4.41295004572212
R12_J23_Bd	FALSE	FALSE	ITS1-3/5.8SChytr	NA	NA	0.774366106772226	NA	1.38458401305057	NA	NA	NA	0.431489219530875	1.0794750599114	2	NA	0.774366106772226	1.38458401305057	NA	FALSE	0.774366106772226	1.38458401305057	NA	NA	0.350673253365182	0.378128553181035	1.78082156664176
R4_J3_Bd	TRUE	FALSE	ITS1-3/5.8SChytr	NA	NA	3.20380870867658	NA	3.74551386623165	NA	NA	NA	0.383043390310915	3.47466128745411	2	NA	3.20380870867658	3.74551386623165	NA	FALSE	3.20380870867658	3.74551386623165	NA	NA	0.350673253365182	2.77331478072375	4.17600779418448
R12_J19_Bd	TRUE	TRUE	ITS1-3/5.8SChytr	NA	NA	3.35658500053493	NA	3.26876019575856	3.22593800978793	NA	NA	0.0772414440562878	3.30196705165409	3	NA	3.35658500053493	3.24734910277325	NA	FALSE	3.35658500053493	3.24734910277325	NA	NA	0.350673253365182	2.60062054492372	4.00331355838445
R2_J19_Bd	TRUE	FALSE	ITS1-3/5.8SChytr	NA	NA	3.18883064084733	NA	3.49143556280587	NA	NA	NA	0.213973992337311	3.3401331018266	2	NA	3.18883064084733	3.49143556280587	NA	FALSE	3.18883064084733	3.49143556280587	NA	NA	0.350673253365182	2.63878659509624	4.04147960855696
R2_J3_Bd	TRUE	FALSE	ITS1-3/5.8SChytr	NA	NA	3.46442708890553	NA	3.56566068515497	NA	NA	NA	0.0715829623918827	3.51504388703025	2	NA	3.46442708890553	3.56566068515497	NA	FALSE	3.46442708890553	3.56566068515497	NA	NA	0.350673253365182	2.81369738029989	4.21639039376062
R5_J18_Bd	TRUE	FALSE	ITS1-3/5.8SChytr	NA	NA	2.67058949395528	NA	2.8805057096248	NA	NA	NA	0.148433179580933	2.77554760179004	2	NA	2.67058949395528	2.8805057096248	NA	FALSE	2.67058949395528	2.8805057096248	NA	NA	0.350673253365182	2.07420109505967	3.4768941085204
R6_J19_Bd	TRUE	FALSE	ITS1-3/5.8SChytr	NA	NA	1.99657644163903	NA	1.97838499184339	NA	NA	NA	0.0128632975101085	1.98748071674121	2	NA	1.99657644163903	1.97838499184339	NA	FALSE	1.99657644163903	1.97838499184339	NA	NA	0.350673253365182	1.28613421001085	2.68882722347157
R2_J11_Bd	TRUE	FALSE	ITS1-3/5.8SChytr	NA	NA	3.92275596448058	NA	4.05668841761827	NA	NA	NA	0.094704545834609	3.98972219104943	2	NA	3.92275596448058	4.05668841761827	NA	FALSE	3.92275596448058	4.05668841761827	NA	NA	0.350673253365182	3.28837568431906	4.69106869777979
R10_J1_Bd	TRUE	TRUE	ITS1-3/5.8SChytr	NA	NA	4.32416818230448	NA	3.89396411092985	NA	5.50669152103571	5.50669152103571	0.835097468261253	4.57494127142335	4	NA	4.32416818230448	3.89396411092985	5.50669152103571	FALSE	4.32416818230448	3.89396411092985	5.50669152103571	NA	0.350673253365182	3.87359476469299	5.27628777815371
R9_J7_Bd	TRUE	FALSE	ITS1-3/5.8SChytr	NA	NA	2.31111586605328	NA	2.64070146818923	NA	NA	NA	0.233052214251784	2.47590866712126	2	NA	2.31111586605328	2.64070146818923	NA	FALSE	2.31111586605328	2.64070146818923	NA	NA	0.350673253365182	1.77456216039089	3.17725517385162
R4_J8_Bd	TRUE	FALSE	ITS1-3/5.8SChytr	NA	NA	2.22723868620948	NA	2.34380097879282	NA	NA	NA	0.0824219875163322	2.28551983250115	2	NA	2.22723868620948	2.34380097879282	NA	FALSE	2.22723868620948	2.34380097879282	NA	NA	0.350673253365182	1.58417332577079	2.98686633923151
R8_J16_Bd	TRUE	FALSE	ITS1-3/5.8SChytr	NA	NA	1.83181769551728	NA	2.16109298531811	NA	NA	NA	0.232832790295332	1.99645534041769	2	NA	1.83181769551728	2.16109298531811	NA	FALSE	1.83181769551728	2.16109298531811	NA	NA	0.350673253365182	1.29510883368733	2.69780184714806
R11_J26_Bd	TRUE	FALSE	ITS1-3/5.8SChytr	NA	NA	1.78089226489783	NA	2.2010603588907	NA	NA	NA	0.297103708500587	1.99097631189426	2	NA	1.78089226489783	2.2010603588907	NA	FALSE	1.78089226489783	2.2010603588907	NA	NA	0.350673253365182	1.2896298051639	2.69232281862463
R5_J14_Bd	TRUE	FALSE	ITS1-3/5.8SChytr	NA	NA	3.47640954316893	NA	3.91965742251223	NA	NA	NA	0.313423581230206	3.69803348284058	2	NA	3.47640954316893	3.91965742251223	NA	FALSE	3.47640954316893	3.91965742251223	NA	NA	0.350673253365182	2.99668697611022	4.39937998957095
R11_J25_Bd	TRUE	FALSE	ITS1-3/5.8SChytr	NA	NA	2.60468599550658	NA	2.96615008156607	NA	NA	NA	0.255593706408062	2.78541803853632	2	NA	2.60468599550658	2.96615008156607	NA	FALSE	2.60468599550658	2.96615008156607	NA	NA	0.350673253365182	2.08407153180596	3.48676454526669
R1_J21_Bd	TRUE	FALSE	ITS1-3/5.8SChytr	NA	NA	3.90478228308548	NA	4.13376835236541	NA	NA	NA	0.161917602385093	4.01927531772545	2	NA	3.90478228308548	4.13376835236541	NA	FALSE	3.90478228308548	4.13376835236541	NA	NA	0.350673253365182	3.31792881099508	4.72062182445581
R11_J24_Bd	TRUE	FALSE	ITS1-3/5.8SChytr	NA	NA	1.24168182304483	NA	1.72145187601958	NA	NA	NA	0.339248657868674	1.4815668495322	2	NA	1.24168182304483	1.72145187601958	NA	FALSE	1.24168182304483	1.72145187601958	NA	NA	0.350673253365182	0.780220342801838	2.18291335626256
R10_J23_Bd	TRUE	FALSE	ITS1-3/5.8SChytr	NA	NA	3.94672087300738	NA	4.28221859706362	NA	NA	NA	0.23723271575282	4.1144697350355	2	NA	3.94672087300738	4.28221859706362	NA	FALSE	3.94672087300738	4.28221859706362	NA	NA	0.350673253365182	3.41312322830514	4.81581624176586
R7_J23_Bd	TRUE	FALSE	ITS1-3/5.8SChytr	NA	NA	2.87728682999893	NA	3.0489396411093	NA	NA	NA	0.121376866745875	2.96311323555411	2	NA	2.87728682999893	3.0489396411093	NA	FALSE	2.87728682999893	3.0489396411093	NA	NA	0.350673253365182	2.26176672882375	3.66445974228448
R8_J1_Bd	TRUE	FALSE	ITS1-3/5.8SChytr	NA	NA	1.66106772226383	NA	2.16965742251223	NA	NA	NA	0.359627225887282	1.91536257238803	2	NA	1.66106772226383	2.16965742251223	NA	FALSE	1.66106772226383	2.16965742251223	NA	NA	0.350673253365182	1.21401606565767	2.61670907911839
R3_J20_Bd	TRUE	TRUE	ITS1-3/5.8SChytr	4.31676158504673	NA	3.06900609821333	NA	3.46003262642741	NA	NA	NA	0.638197985114723	3.61526676989582	3	4.31676158504673	3.06900609821333	3.46003262642741	NA	FALSE	4.31676158504673	3.06900609821333	3.46003262642741	NA	0.350673253365182	2.91392026316546	4.31661327662618
R5_J17_Bd	TRUE	FALSE	ITS1-3/5.8SChytr	NA	NA	1.47234406761528	NA	2.13539967373573	NA	NA	NA	0.468851115391525	1.8038718706755	2	NA	1.47234406761528	2.13539967373573	NA	FALSE	1.47234406761528	2.13539967373573	NA	NA	0.350673253365182	1.10252536394514	2.50521837740586
R12_J12_Bd	FALSE	FALSE	ITS1-3/5.8SChytr	NA	NA	4.47394886059698	NA	5.0615823817292	NA	NA	NA	0.415519647645119	4.76776562116309	2	NA	4.47394886059698	5.0615823817292	NA	FALSE	4.47394886059698	5.0615823817292	NA	NA	0.350673253365182	4.06641911443273	5.46911212789345
R2_J25_Bd	FALSE	FALSE	ITS1-3/5.8SChytr	NA	NA	2.05049748582433	NA	2.61786296900489	NA	NA	NA	0.401187980568159	2.33418022741461	2	NA	2.05049748582433	2.61786296900489	NA	FALSE	2.05049748582433	2.61786296900489	NA	NA	0.350673253365182	1.63283372068425	3.03552673414497
R11_J11_Bd	TRUE	FALSE	ITS1-3/5.8SChytr	NA	NA	1.01401519204023	NA	1.12479608482871	NA	NA	NA	0.0783339205166373	1.06940563843447	2	NA	1.01401519204023	1.12479608482871	NA	FALSE	1.01401519204023	1.12479608482871	NA	NA	0.350673253365182	0.368059131704105	1.77075214516483
R7_J27_Bd	TRUE	FALSE	ITS1-3/5.8SChytr	NA	NA	1.72097999358083	NA	2.00978792822186	NA	NA	NA	0.204218049045155	1.86538396090134	2	NA	1.72097999358083	2.00978792822186	NA	FALSE	1.72097999358083	2.00978792822186	NA	NA	0.350673253365182	1.16403745417098	2.56673046763171
R1_J16_Bd	FALSE	FALSE	ITS1-3/5.8SChytr	NA	NA	3.97068578153418	NA	4.37928221859706	NA	NA	NA	0.288921311415825	4.17498400006562	2	NA	3.97068578153418	4.37928221859706	NA	FALSE	3.97068578153418	4.37928221859706	NA	NA	0.350673253365182	3.47363749333526	4.87633050679599
R5_J4_Bd	FALSE	FALSE	ITS1-3/5.8SChytr	NA	NA	2.52979565636033	NA	3.09176182707993	NA	NA	NA	0.397370090113269	2.81077874172013	2	NA	2.52979565636033	3.09176182707993	NA	FALSE	2.52979565636033	3.09176182707993	NA	NA	0.350673253365182	2.10943223498977	3.5121252484505
R10_J3_Bd	FALSE	FALSE	ITS1-3/5.8SChytr	NA	NA	2.20626939124853	NA	2.76060358890701	NA	NA	NA	0.391973470207919	2.48343649007777	2	NA	2.20626939124853	2.76060358890701	NA	FALSE	2.20626939124853	2.76060358890701	NA	NA	0.350673253365182	1.78208998334741	3.18478299680813
R1_J22_Bd	FALSE	FALSE	ITS1-3/5.8SChytr	NA	NA	3.02706750829143	NA	3.51141924959217	NA	NA	NA	0.342488400753265	3.2692433789418	2	NA	3.02706750829143	3.51141924959217	NA	FALSE	3.02706750829143	3.51141924959217	NA	NA	0.350673253365182	2.56789687221144	3.97058988567216
R4_J11_Bd	TRUE	FALSE	ITS1-3/5.8SChytr	NA	NA	2.04450625869263	NA	2.66068515497553	NA	NA	NA	0.435704275985682	2.35259570683408	2	NA	2.04450625869263	2.66068515497553	NA	FALSE	2.04450625869263	2.66068515497553	NA	NA	0.350673253365182	1.65124920010372	3.05394221356444
R2_J6_Bd	TRUE	FALSE	ITS1-3/5.8SChytr	NA	NA	NA	NA	3.40008156606851	NA	3.91283498327615	4.01697080062523	0.399388989690063	3.6824922290096	4	NA	NA	3.40008156606851	3.96490289195069	FALSE	3.40008156606851	3.96490289195069	NA	NA	0.350673253365182	2.98114572227924	4.38383873573997
R6_J22_Bd	FALSE	FALSE	ITS1-3/5.8SChytr	NA	NA	3.52433936022253	NA	4.19942903752039	NA	NA	NA	0.477360488726354	3.86188419887146	2	NA	3.52433936022253	4.19942903752039	NA	FALSE	3.52433936022253	4.19942903752039	NA	NA	0.350673253365182	3.1605376921411	4.56323070560182
R7_J19_Bd	FALSE	FALSE	ITS1-3/5.8SChytr	NA	NA	1.20873007382048	NA	1.76427406199021	NA	NA	NA	0.392828921282239	1.48650206790534	2	NA	1.20873007382048	1.76427406199021	NA	FALSE	1.20873007382048	1.76427406199021	NA	NA	0.350673253365182	0.785155561174981	2.18784857463571
R12_J14_Bd	FALSE	FALSE	ITS1-3/5.8SChytr	NA	NA	1.49331336257623	NA	2.18393148450245	NA	NA	NA	0.488340757224347	1.83862242353934	2	NA	1.49331336257623	2.18393148450245	NA	FALSE	1.49331336257623	2.18393148450245	NA	NA	0.350673253365182	1.13727591680897	2.5399689302697
R12_J3_Bd	TRUE	TRUE	ITS1-3/5.8SChytr	NA	NA	1.67904140365893	NA	-1.61867862969005	NA	2.80494559314564	-2.82417386689087	1.64902008755528	0.0169162123654221	4	NA	1.67904140365893	-1.61867862969005	-0.0096141368726157	FALSE	1.67904140365893	-1.61867862969005	-0.0096141368726157	NA	0.350673253365182	-0.684430294364941	0.718262719095785
R6_J7_Bd	TRUE	TRUE	ITS1-3/5.8SChytr	NA	NA	1.85877821760993	NA	0.993474714518761	NA	NA	NA	0.611861974820239	1.42612646606434	4	NA	1.85877821760993	0.993474714518761	NA	FALSE	1.85877821760993	0.993474714518761	NA	NA	0.350673253365182	0.724779959333981	2.12747297279471
R8_J3_Bd	FALSE	FALSE	ITS1-3/5.8SChytr	NA	NA	0.507756499411576	NA	1.04200652528548	NA	NA	NA	0.377771816144527	0.774881512348529	2	NA	0.507756499411576	1.04200652528548	NA	FALSE	0.507756499411576	1.04200652528548	NA	NA	0.350673253365182	0.0735350056181655	1.47622801907889
R2_J2_Bd	FALSE	FALSE	ITS1-3/5.8SChytr	NA	NA	3.88081737455868	NA	4.47063621533442	NA	NA	NA	0.417064901984113	4.17572679494655	2	NA	3.88081737455868	4.47063621533442	NA	FALSE	3.88081737455868	4.47063621533442	NA	NA	0.350673253365182	3.47438028821619	4.87707330167691
R8_J6_Bd	FALSE	FALSE	ITS1-3/5.8SChytr	NA	NA	1.97860276024393	NA	2.70921696574225	NA	NA	NA	0.516622259139085	2.34390986299309	2	NA	1.97860276024393	2.70921696574225	NA	FALSE	1.97860276024393	2.70921696574225	NA	NA	0.350673253365182	1.64256335626273	3.04525636972345
R4_J17_Bd	TRUE	FALSE	ITS1-3/5.8SChytr	NA	NA	-0.0853749866267259	NA	1.03344208809135	NA	1.27472761043273	1.4251460132703	0.754104382219904	0.766001304438714	4	NA	-0.0853749866267259	1.03344208809135	1.34993681185151	FALSE	-0.0853749866267259	1.03344208809135	1.34993681185151	NA	0.350673253365182	0.0646547977083508	1.46734781116908
R11_J8_Bd	TRUE	FALSE	ITS1-3/5.8SChytr	NA	NA	1.74794051567348	NA	2.51794453507341	NA	NA	NA	0.544475063658589	2.13294252537344	2	NA	1.74794051567348	2.51794453507341	NA	FALSE	1.74794051567348	2.51794453507341	NA	NA	0.350673253365182	1.43159601864308	2.83428903210381
R10_J25_Bd	TRUE	FALSE	ITS1-3/5.8SChytr	NA	NA	2.71552369744303	NA	3.34298531810767	NA	NA	NA	0.443682366906266	3.02925450777535	2	NA	2.71552369744303	3.34298531810767	NA	FALSE	2.71552369744303	3.34298531810767	NA	NA	0.350673253365182	2.32790800104498	3.73060101450571
R7_J17_Bd	TRUE	FALSE	ITS1-3/5.8SChytr	NA	NA	2.95816839627688	NA	3.55995106035889	NA	NA	NA	0.425524602572895	3.25905972831788	2	NA	2.95816839627688	3.55995106035889	NA	FALSE	2.95816839627688	3.55995106035889	NA	NA	0.350673253365182	2.55771322158752	3.96040623504825
R7_J13_Bd	TRUE	FALSE	ITS1-3/5.8SChytr	NA	NA	1.62811597303948	NA	2.17251223491028	NA	NA	NA	0.38494628842145	1.90031410397488	2	NA	1.62811597303948	2.17251223491028	NA	FALSE	1.62811597303948	2.17251223491028	NA	NA	0.350673253365182	1.19896759724451	2.60166061070524
R7_J22_Bd	TRUE	FALSE	ITS1-3/5.8SChytr	NA	NA	1.35851075211298	NA	1.76141924959217	NA	NA	NA	0.284899330765219	1.55996500085257	2	NA	1.35851075211298	1.76141924959217	NA	FALSE	1.35851075211298	1.76141924959217	NA	NA	0.350673253365182	0.85861849412221	2.26131150758294
R10_J6_Bd	TRUE	FALSE	ITS1-3/5.8SChytr	NA	NA	1.59216861024928	NA	2.16109298531811	NA	NA	NA	0.402290283593488	1.87663079778369	2	NA	1.59216861024928	2.16109298531811	NA	FALSE	1.59216861024928	2.16109298531811	NA	NA	0.350673253365182	1.17528429105333	2.57797730451406
R10_J16_Bd	TRUE	FALSE	ITS1-3/5.8SChytr	NA	NA	2.73649299240398	NA	3.35154975530179	NA	NA	NA	0.434910807859691	3.04402137385289	2	NA	2.73649299240398	3.35154975530179	NA	FALSE	2.73649299240398	3.35154975530179	NA	NA	0.350673253365182	2.34267486712252	3.74536788058325
R9_J26_Bd	TRUE	FALSE	ITS1-3/5.8SChytr	NA	NA	2.35305445597518	NA	3.07463295269168	NA	NA	NA	0.510233048186632	2.71384370433343	2	NA	2.35305445597518	3.07463295269168	NA	FALSE	2.35305445597518	3.07463295269168	NA	NA	0.350673253365182	2.01249719760307	3.41519021106379
R8_J2_Bd	TRUE	FALSE	ITS1-3/5.8SChytr	NA	NA	2.05948432652188	NA	2.79771615008157	NA	NA	NA	0.522008728526765	2.42860023830172	2	NA	2.05948432652188	2.79771615008157	NA	FALSE	2.05948432652188	2.79771615008157	NA	NA	0.350673253365182	1.72725373157136	3.12994674503209
R3_J25_Bd	TRUE	FALSE	ITS1-3/5.8SChytr	NA	NA	2.07446239435113	NA	2.87479608482871	NA	NA	NA	0.565921379748755	2.47462923958992	2	NA	2.07446239435113	2.87479608482871	NA	FALSE	2.07446239435113	2.87479608482871	NA	NA	0.350673253365182	1.77328273285956	3.17597574632028
R4_J2_Bd	TRUE	FALSE	ITS1-3/5.8SChytr	2.64159711136252	2.43723855873094	NA	NA	NA	NA	NA	NA	0.144503318359257	2.53941783504673	2	2.53941783504673	NA	NA	NA	TRUE	2.64159711136252	2.43723855873094	NA	NA	0.350673253365182	1.83807132831637	3.24076434177709
R3_J18_Bd	FALSE	FALSE	ITS1-3/5.8SChytr	3.4647879008362	3.41873526925726	NA	NA	NA	NA	NA	NA	0.0325641280809594	3.44176158504673	2	3.44176158504673	NA	NA	NA	TRUE	3.4647879008362	3.41873526925726	NA	NA	0.350673253365182	2.74041507831637	4.14310809177709
R3_J12_Bd	FALSE	FALSE	ITS1-3/5.8SChytr	2.03427803241515	2.20121882188884	NA	NA	NA	NA	NA	NA	0.118044964293478	2.11774842715199	2	2.11774842715199	NA	NA	NA	TRUE	2.03427803241515	2.20121882188884	NA	NA	0.350673253365182	1.41640192042163	2.81909493388236
R4_J5_Bd	FALSE	FALSE	ITS1-3/5.8SChytr	3.9022879008362	4.02317605873094	NA	NA	NA	NA	NA	NA	0.0854808362125187	3.96273197978357	2	3.96273197978357	NA	NA	NA	TRUE	3.9022879008362	4.02317605873094	NA	NA	0.350673253365182	3.26138547305321	4.66407848651393
R3_J19_Bd	TRUE	FALSE	ITS1-3/5.8SChytr	3.05319250609936	3.15105434820462	NA	NA	NA	NA	NA	NA	0.0691987721720386	3.10212342715199	2	3.10212342715199	NA	NA	NA	TRUE	3.05319250609936	3.15105434820462	NA	NA	0.350673253365182	2.40077692042163	3.80346993388236
R3_J1_Bd	FALSE	FALSE	ITS1-3/5.8SChytr	4.31963987452041	4.32539645346778	NA	NA	NA	NA	NA	NA	0.00407051601012036	4.3225181639941	2	4.3225181639941	NA	NA	NA	TRUE	4.31963987452041	4.32539645346778	NA	NA	0.350673253365182	3.62117165726373	5.02386467072446
