sampleID_qPCR	ASV_1a536b0e1f97503816f150ed89839a0f	ASV_255429c75a0f47d5a30c6ac429fa7c34	ASV_f13bd5edd93cef613314f42915c99a6f	ASV_14c6f745ca3896169903ea6ea03d48ac	ASV_033fc14444cc93f82f6464968d72c6b2	ASV_dcba105f35d8ebc9e22269c7491ad3a7	ASV_fa0bfc5b671a0016df8fd1840f314bab	ASV_e97345e9d12e47c8712c8a693016d65e	ASV_d32e579b3ae7b2aae8d5bf9f027c29af	ASV_5648dccee530d68ceb3e4d7d22cf8756	ASV_d5d20ebebb0eb375a078ec82b47a50ec	ASV_945184b6386c192c0066e0a98a154780	ASV_4850a238b7fbbd5ffa204c5a5a396f2c	ASV_205d983fc6a77838d0c5f28ea5485c28	ASV_3481fa43fe5fba6aecdc7f9aae6ed9c0	ASV_8b9ede8e4455abbacd8d8d787eb6383d	ASV_3bb0bf5132b0f988573de9bd6059b22c	ASV_63afe8e6aac58bf0d670a82ca5bc574c	ASV_4ea59d33f520370432fb7cb625b56c12	ASV_38c27ceaed634984c1225a82648cf571	ASV_f8aeec3c1ff0f4e7e1c829e4db0618d9	ASV_bdf8a26094624622d68509a87fa75ba7	ASV_6a42f6b31b1958a4fd7c015ad7affbf4	ASV_e61a7bc42a30f0ca4f170b5e3f6cad0c	ASV_43fddf1528d4a98928fd8c3a8ac23bfd	ASV_213f59ff91f42554a6570145dbeff3da	ASV_5746145cd6809625dd78c312e6605cb4	ASV_ec2d6318d95da4328567972cc10eb066	ASV_bc56a7361c9a3b49f1f1c51874321e12	ASV_fb67b286b0f781b0de13d50179318995	ASV_ffcce969599b117e0566b6767fe78b55	ASV_9f10ad79c9fd3d0d6a7b41cae19cf1f4	ASV_b65fae1900c461356f7ec33239edf811	ASV_7f499b98f8da9b1f9b8d10791ea2db91	ASV_f39b145cd0896489db3646d0d26bd418	ASV_43292d77db4e71f520bc2661f373b05f	ASV_44a162f21fda1420467bd353f5c67211	ASV_52106e22009423eaaa64743e6cdfe659	ASV_93234676188a71a3d96809c07dfbec21	ASV_4ce0d715d312a473a37ab09124cf0f34	ASV_c30ea0ffd45e89a13edc0ab8fb15c2f6	ASV_2615d9840911b76cdd3db2dd7817b53e	ASV_8e86630f5236d005b75249185d4e2d08	ASV_922f741ee774d85fd38a26312d4e9dda	ASV_d4575b9e7e37002f0d041ea717fb8a06	ASV_dd18c11c9ae50bd4f90b015e8c78de58	ASV_82dece6e35540738ba450a0c3a90b5a0	ASV_1bc599cac5647c5c30496e93ca551557	ASV_a0a6a2bfc50e87cf99e385b7384f8019	ASV_4cec258429289d8463d0d5f42a7a4cad	ASV_180843d213d81292129ca7501d19904c	ASV_5e5652fbc2332a8189559dec86869b7c	ASV_d69e2e7690e0766c9832eafd079bc99c
R1_J1_Pre	27917	0	0	0	0	0	0	0	0	0	0	0	0	0	0	0	0	0	0	0	0	0	0	0	0	0	0	0	0	0	0	0	0	0	0	0	0	0	0	0	0	0	0	0	0	0	0	0	0	0	0	0	0
R1_J24_Pre	28078	0	0	0	0	0	0	0	0	0	0	0	0	0	0	0	0	0	0	0	0	0	0	0	0	0	0	0	0	0	0	0	0	0	0	0	0	0	0	0	0	0	0	0	0	0	0	0	0	0	0	0	0
R1_J27_Pre	0	181	291	168	853	17152	15298	1094	260	14489	296	0	0	0	0	0	0	0	0	0	0	0	0	0	0	0	0	0	0	0	0	0	0	0	0	0	0	0	0	0	0	0	0	0	0	0	0	0	0	0	0	0	0
R1_J5_Pre	0	0	0	0	0	14452	0	0	0	0	0	2114	863	377	9863	1158	12675	2096	0	0	0	0	0	0	0	0	0	0	0	0	0	0	0	0	0	0	0	0	0	0	0	0	0	0	0	0	0	0	0	0	0	0	0
R1_J8_Pre	0	0	0	0	0	27153	19818	0	958	0	0	0	0	0	0	0	0	0	0	0	0	0	0	0	0	0	0	0	0	0	0	0	0	0	0	0	0	0	0	0	0	0	0	0	0	0	0	0	0	0	0	0	0
R1_J9_Pre	0	0	0	0	0	8017	7251	0	26616	0	0	0	0	0	0	0	0	0	0	0	0	0	0	0	0	0	0	0	0	0	0	0	0	0	0	0	0	0	0	0	0	0	0	0	0	0	0	0	0	0	0	0	0
R10_J10_Pre	0	0	0	0	0	46704	0	0	0	7570	0	0	0	0	0	0	0	0	179	0	0	0	0	0	0	0	0	0	0	0	0	0	0	0	0	0	0	0	0	0	0	0	0	0	0	0	0	0	0	0	0	0	0
R10_J18_Pre	0	0	0	0	0	0	0	0	0	31176	0	0	0	0	0	0	0	0	0	0	0	0	0	0	0	0	0	0	0	0	0	0	0	0	0	0	0	0	0	0	0	0	0	0	0	0	0	0	0	0	0	0	0
R10_J21_Pre	0	0	0	0	0	0	0	0	0	4541	0	0	0	0	0	0	0	12153	3595	0	0	0	0	0	0	0	0	0	0	0	0	0	0	0	0	0	0	0	0	0	0	0	0	0	0	0	0	0	0	0	0	0	0
R10_J22_Pre	0	0	0	0	0	23421	0	0	0	6948	0	0	555	0	385	0	0	7665	0	0	0	0	0	0	0	0	0	0	0	0	0	0	0	0	0	0	0	0	0	0	0	0	0	0	0	0	0	0	0	0	0	0	0
R10_J4_Pre	0	0	0	0	0	0	0	0	0	12161	0	0	0	0	0	0	0	0	0	19662	932	0	0	0	0	0	0	0	0	0	0	0	0	0	0	0	0	0	0	0	0	0	0	0	0	0	0	0	0	0	0	0	0
R10_J5_Pre	0	0	0	0	0	0	0	0	0	27151	0	0	0	0	0	0	0	524	0	2752	0	331	1447	0	0	0	0	0	0	0	0	0	0	0	0	0	0	0	0	0	0	0	0	0	0	0	0	0	0	0	0	0	0
R11_J10_Pre	0	0	0	0	0	13792	0	0	0	2724	0	0	0	0	0	0	0	6919	0	0	0	0	0	20623	0	0	0	0	0	0	0	0	0	0	0	0	0	0	0	0	0	0	0	0	0	0	0	0	0	0	0	0	0
R11_J13_Pre	0	0	0	0	0	0	17430	0	0	39693	0	0	0	0	0	0	0	0	0	0	0	0	0	0	0	0	0	0	0	0	0	0	0	0	0	0	0	0	0	0	0	0	0	0	0	0	0	0	0	0	0	0	0
R11_J16_Pre	0	0	0	0	0	0	0	0	0	0	0	0	0	0	0	0	0	0	0	0	0	0	0	0	30027	0	0	0	0	0	0	0	0	0	0	0	0	0	0	0	0	0	0	0	0	0	0	0	0	0	0	0	0
R11_J28_Pre	0	0	0	0	0	4984	0	0	0	0	0	0	0	0	0	0	0	0	0	0	0	0	0	25149	4249	0	0	0	0	0	0	0	0	0	0	0	0	0	0	0	0	0	0	0	0	0	0	0	0	0	0	0	0
R11_J4_Pre	0	0	0	0	0	0	17824	0	0	27246	0	0	0	0	0	0	0	0	0	0	0	0	0	0	0	0	0	0	0	0	0	0	0	0	0	0	0	0	0	0	0	0	0	0	0	0	0	0	0	0	0	0	0
R11_J6_Pre	0	0	0	0	0	0	0	0	0	38819	0	0	0	0	0	0	0	0	0	0	0	0	0	0	0	0	0	0	0	0	0	0	0	0	0	0	0	0	0	0	0	0	0	0	0	0	0	0	0	0	0	0	0
R12_J1_Pre	0	0	0	0	0	0	0	0	0	0	0	0	0	0	0	0	0	0	0	0	0	26248	0	0	0	0	0	0	0	0	0	0	0	0	0	0	0	0	0	0	0	0	0	0	0	0	0	0	0	0	0	0	0
R12_J17_Pre	0	0	649	0	1163	0	22199	0	0	15211	0	0	0	0	0	0	0	0	0	0	0	1102	0	0	0	997	2085	1550	0	0	0	0	0	0	0	0	0	0	0	0	0	0	0	0	0	0	0	0	0	0	0	0	0
R12_J27_Pre	0	0	0	0	0	26026	0	0	0	8795	0	0	0	0	0	0	0	7552	0	0	0	0	0	0	0	0	0	0	0	0	0	0	0	0	0	0	0	0	0	0	0	0	0	0	0	0	0	0	0	0	0	0	0
R12_J7_Pre	0	0	0	0	0	0	33436	0	0	0	0	0	0	0	0	0	0	0	0	0	0	0	0	0	0	0	0	0	0	0	0	0	0	0	0	0	0	0	0	0	0	0	0	0	0	0	0	0	0	0	0	0	0
R12_J9_Pre	0	0	0	0	0	0	0	0	0	0	0	0	0	0	0	0	0	0	0	0	0	0	0	0	28055	0	0	0	0	0	0	0	0	0	0	0	0	0	0	0	0	0	0	0	0	0	0	0	0	0	0	0	0
R2_J12_Pre	0	0	0	0	0	0	0	0	0	0	0	0	8336	3461	0	0	0	15933	0	0	0	0	0	0	0	0	0	0	0	0	0	0	0	0	0	0	0	0	0	0	0	0	0	0	0	0	0	0	0	0	0	0	0
R2_J13_Pre	0	0	0	0	0	0	0	0	0	0	0	0	14486	6396	0	0	0	28895	0	0	0	0	0	0	0	0	0	0	7202	0	0	0	0	0	0	0	0	0	0	0	0	0	0	0	0	0	0	0	0	0	0	0	0
R2_J14_Pre	0	0	0	0	0	0	0	0	0	0	0	0	0	0	0	0	0	0	0	28182	0	0	0	0	0	0	0	0	0	0	0	0	0	0	0	0	0	0	0	0	0	0	0	0	0	0	0	0	0	0	0	0	0
R2_J17_Pre	0	0	0	0	0	24225	0	0	0	0	0	6916	0	0	0	4112	0	6884	0	0	0	0	0	0	0	0	0	0	0	0	0	0	0	0	0	0	0	0	0	0	0	0	0	0	0	0	0	0	0	0	0	0	0
R2_J20_Pre	0	0	0	0	0	492	0	0	808	412	0	0	0	0	0	0	0	0	0	20753	0	0	0	0	0	0	0	0	0	21597	0	0	0	0	0	0	0	0	0	0	0	0	0	0	0	0	0	0	0	0	0	0	0
R2_J28_Pre	0	0	0	0	0	0	0	0	0	0	0	0	0	0	0	0	0	0	0	28151	0	0	8158	0	0	0	0	0	0	0	0	0	0	0	0	0	0	0	0	0	0	0	0	0	0	0	0	0	0	0	0	0	0
R3_J15_Pre	0	0	0	0	0	21744	0	0	0	0	0	0	6197	0	0	0	0	16753	0	0	0	0	0	0	0	0	0	0	0	0	0	0	0	0	0	0	0	0	0	0	0	0	0	0	0	0	0	0	0	0	0	0	0
R3_J21_Pre	0	0	0	0	0	21832	0	0	0	0	0	10083	4443	0	0	6315	0	8174	0	0	0	0	0	0	0	0	0	0	291	0	0	0	0	0	0	0	0	0	0	0	0	0	0	0	0	0	0	0	0	0	0	0	0
R3_J24_Pre	0	774	1236	736	1040	0	22541	0	0	0	0	0	0	0	0	0	0	0	0	0	0	0	779	0	0	0	528	0	0	0	1036	697	527	1171	1366	1862	0	0	0	0	0	0	0	0	0	0	0	0	0	0	0	0	0
R3_J28_Pre	0	0	0	0	0	0	0	0	0	0	0	0	32351	0	0	0	0	0	0	0	0	0	0	0	0	0	0	0	0	0	0	0	0	0	0	0	0	0	0	0	0	0	0	0	0	0	0	0	0	0	0	0	0
R3_J4_Pre	0	162	278	199	1282	0	15047	0	280	10310	0	0	0	0	0	0	0	0	0	0	0	0	0	0	0	0	0	0	0	19442	0	0	0	0	0	0	620	0	0	0	0	0	0	0	0	0	0	0	0	0	0	0	0
R3_J7_Pre	0	1741	2178	1445	2233	0	0	957	0	0	0	0	0	0	0	0	0	0	0	0	0	0	0	0	0	0	1602	0	0	0	0	1287	0	803	1374	0	0	1148	1785	868	3260	519	1675	2915	839	0	0	0	0	0	0	0	0
R4_J10_Pre	0	0	0	0	0	35946	0	0	0	0	0	0	0	0	0	0	0	0	0	0	0	0	0	0	0	0	0	0	0	0	0	0	0	0	0	0	0	0	0	0	0	0	0	0	0	1070	0	0	0	0	0	0	0
R4_J13_Pre	0	0	0	0	0	0	45549	0	0	0	0	0	0	0	0	0	0	0	0	0	0	0	0	0	0	0	0	0	0	0	0	0	0	0	0	0	0	0	0	0	0	0	0	0	0	0	0	0	0	0	0	0	0
R4_J22_Pre	0	0	0	0	0	39075	0	0	0	0	0	0	0	0	0	0	2100	0	0	0	0	0	0	0	0	0	0	0	0	0	0	0	0	0	0	0	0	0	0	0	0	0	0	0	0	0	0	0	0	0	0	0	0
R4_J23_Pre	0	0	0	0	0	0	43676	0	7569	0	0	0	0	0	0	0	0	0	0	0	0	0	0	0	0	0	0	0	0	0	0	0	0	0	0	0	0	0	0	0	0	0	0	0	0	0	0	0	0	0	0	0	0
R4_J26_Pre	0	0	2127	0	0	0	22349	0	1744	7182	0	0	0	0	0	0	0	0	0	0	0	0	0	0	0	0	0	0	0	20758	0	0	323	0	0	0	0	0	0	0	0	0	0	0	0	0	0	0	0	0	0	0	0
R4_J27_Pre	0	0	0	0	0	19457	0	0	0	0	0	0	0	0	0	0	0	0	0	0	0	0	0	0	0	0	0	0	0	0	0	0	0	0	0	0	0	0	0	0	0	0	0	0	0	0	24765	0	0	0	0	0	0
R5_J11_Pre	0	0	495	0	0	14979	2668	0	0	2111	0	0	0	0	0	0	0	248	0	12303	0	0	0	0	0	0	0	0	0	0	0	0	0	0	0	0	0	0	0	0	0	0	0	0	0	0	0	0	0	0	0	0	0
R5_J13_Pre	0	0	0	0	0	0	0	0	0	0	0	0	14271	0	0	0	0	19997	0	0	0	0	0	0	0	0	0	0	0	0	0	0	0	0	0	0	0	0	0	0	0	0	0	0	0	0	0	0	0	0	0	0	0
R5_J15_Pre	0	0	0	0	0	0	0	0	0	0	0	0	0	0	0	0	0	13001	0	38930	0	0	0	0	0	0	0	0	0	0	0	0	0	0	0	0	0	0	0	0	0	0	0	0	0	0	0	0	0	0	0	0	0
R5_J21_Pre	0	0	0	0	0	0	0	0	0	0	0	0	370	0	0	0	0	1107	0	0	0	0	0	25091	0	0	0	0	287	0	0	0	0	0	0	0	0	0	0	0	0	0	0	0	0	0	19009	0	0	0	0	0	0
R5_J25_Pre	0	0	0	0	0	0	0	0	0	0	0	0	13237	5591	0	0	0	24477	0	0	0	0	0	0	0	0	0	0	0	0	0	0	0	0	0	0	0	0	0	0	0	0	0	0	0	0	0	0	0	0	0	0	0
R5_J5_Pre	0	0	0	0	0	0	0	0	0	0	0	0	0	0	0	0	0	30142	0	0	0	0	0	0	0	0	0	0	0	0	0	0	0	0	0	0	0	0	0	0	0	0	0	0	0	0	0	0	0	0	0	0	0
R6_J10_Pre	0	800	0	0	0	0	0	0	0	23289	0	0	0	0	0	0	0	486	0	0	0	468	0	0	0	0	0	0	0	15182	0	0	0	0	0	0	0	0	0	0	0	0	0	0	0	0	0	640	0	0	0	0	0
R6_J2_Pre	0	0	0	0	0	23510	0	0	0	0	0	0	0	0	0	0	0	0	0	0	0	0	0	0	0	0	0	0	0	0	0	0	0	0	0	0	0	0	0	0	0	0	0	0	0	0	20720	0	0	0	0	0	0
R6_J24_Pre	0	0	0	0	0	0	0	0	0	0	0	0	0	0	0	0	0	0	0	0	0	9055	0	11823	0	0	0	0	0	0	0	0	0	0	0	0	0	0	0	0	0	0	0	0	0	0	9612	0	0	0	0	0	0
R6_J26_Pre	0	0	0	0	0	0	0	0	0	0	0	0	0	0	0	0	0	0	0	0	0	13996	0	0	0	0	0	0	0	0	0	0	0	0	0	0	0	0	0	0	0	0	0	0	0	0	0	29056	0	0	0	0	0
R6_J28_Pre	0	0	0	0	0	34837	0	0	0	0	0	0	0	0	0	0	0	0	0	0	0	0	0	0	0	0	0	0	0	0	0	0	0	0	0	0	0	0	0	0	0	0	0	0	0	0	0	0	0	0	0	0	0
R6_J6_Pre	0	0	0	0	0	25924	0	0	0	0	0	384	1827	0	0	0	0	12873	0	0	0	0	0	0	0	0	0	0	0	0	0	0	0	0	0	0	0	0	0	0	0	0	0	0	0	0	10388	0	0	0	0	0	0
R7_J10_Pre	0	0	0	0	0	15860	0	0	0	20080	0	0	0	0	0	0	0	0	0	0	0	0	0	0	0	0	0	0	0	0	0	0	0	0	0	0	0	0	0	0	0	0	0	0	0	0	0	0	0	0	0	0	0
R7_J20_Pre	0	0	0	0	0	40739	0	0	0	3940	0	0	0	0	0	0	0	0	0	0	0	0	0	0	0	0	0	0	0	0	0	0	0	0	0	0	0	0	0	0	0	0	0	0	0	0	0	0	0	0	0	0	0
R7_J21_Pre	0	0	0	0	0	2904	0	0	0	356	0	0	2005	562	3013	0	0	12695	0	0	0	0	0	0	0	0	0	0	0	0	0	0	0	0	0	0	0	0	0	0	0	0	0	0	0	0	8697	0	0	0	0	0	0
R7_J26_Pre	0	0	0	0	0	0	0	0	0	0	0	0	0	0	0	0	0	0	0	0	0	0	0	0	0	0	0	0	0	1923	0	0	0	0	0	0	0	0	0	0	0	0	0	0	0	0	47462	0	0	0	0	0	0
R7_J5_Pre	0	0	0	0	0	0	0	0	0	1847	0	0	0	0	0	0	0	696	0	14388	0	0	0	0	0	0	0	0	0	21168	0	0	0	0	0	0	0	0	0	0	0	0	0	0	0	0	0	0	0	0	0	0	0
R7_J8_Pre	0	0	0	0	0	0	0	0	0	0	0	0	0	0	0	0	0	255	0	0	0	0	0	0	0	0	0	0	0	178	0	0	0	0	0	0	0	0	0	0	0	0	0	0	0	0	31727	0	0	0	0	0	0
R8_J12_Pre	0	0	0	0	0	0	0	0	0	35055	0	0	0	0	0	0	0	0	0	0	0	0	0	0	0	0	0	0	0	0	0	0	0	0	0	0	0	0	0	0	0	0	0	0	0	0	0	0	0	0	0	0	0
R8_J18_Pre	0	0	0	0	0	20887	0	0	0	0	0	0	0	0	0	0	0	0	0	0	0	0	0	0	0	0	0	0	0	0	0	0	0	0	0	0	0	0	0	0	0	0	0	0	0	0	0	0	0	0	0	0	0
R8_J25_Pre	0	0	0	0	0	0	0	0	1072	12071	0	0	0	0	0	0	0	0	0	0	0	0	0	0	0	0	0	0	0	24316	0	0	0	0	0	0	0	0	0	0	0	0	0	0	0	0	0	0	0	0	0	0	0
R8_J28_Pre	0	0	0	0	0	28014	0	0	0	0	0	0	0	0	0	0	0	20815	0	0	0	0	0	0	0	0	0	0	0	0	0	0	0	0	0	0	0	0	0	0	0	0	0	0	0	0	0	0	0	0	0	0	0
R8_J4_Pre	0	0	0	0	0	0	0	0	692	689	0	0	0	0	0	0	0	0	0	11662	0	0	0	0	0	0	0	0	0	24931	0	0	0	0	0	0	0	0	0	0	0	0	0	0	0	0	0	0	0	0	0	0	0
R8_J7_Pre	0	0	0	0	0	37670	0	0	0	0	0	0	0	0	0	0	0	0	0	0	0	0	0	0	0	0	0	0	0	1230	0	0	0	0	0	0	0	0	0	0	0	0	0	0	0	0	0	0	0	0	0	0	0
R9_J17_Pre	0	0	0	0	0	0	0	0	0	45310	0	0	0	0	0	0	0	0	0	0	0	0	0	0	0	0	0	0	0	0	0	0	0	0	0	0	0	0	0	0	0	0	0	0	0	0	0	0	0	0	0	0	0
R9_J19_Pre	0	0	0	0	0	0	0	0	0	0	0	0	0	0	0	0	0	35839	0	0	0	0	0	0	0	0	0	0	0	0	0	0	0	0	0	0	0	0	0	0	0	0	0	0	0	0	0	0	0	0	0	0	0
R9_J2_Pre	0	0	0	0	0	29387	0	0	0	7958	0	0	0	0	0	0	0	7079	0	0	0	0	0	0	0	0	0	0	0	0	0	0	0	0	0	0	0	0	0	0	0	0	0	0	0	0	0	0	0	0	0	0	0
R9_J28_Pre	0	0	0	0	0	0	0	0	0	24839	0	0	0	0	0	0	0	18179	0	0	0	0	0	0	0	0	0	0	0	0	0	0	0	0	0	0	0	0	0	0	0	0	0	0	0	0	0	0	0	0	0	0	0
R9_J8_Pre	0	0	0	0	0	0	0	0	0	35097	0	0	0	0	0	0	0	0	0	6707	606	0	0	0	0	0	0	0	0	0	0	0	0	0	0	0	0	0	0	0	0	0	0	0	0	0	0	0	0	0	0	0	0
R9_J9_Pre	0	0	568	0	0	0	16581	0	0	2943	0	0	0	0	0	0	0	0	0	6148	7971	0	0	0	0	0	0	0	0	25845	0	0	0	0	0	0	0	0	0	0	0	0	0	0	0	0	0	0	0	0	0	0	0
R1_J16_Bd	28340	0	0	0	0	0	0	0	0	0	0	0	0	0	0	0	0	0	0	0	0	0	0	0	0	0	0	0	0	0	0	0	0	0	0	0	0	0	0	0	0	0	0	0	0	0	0	0	0	0	0	0	0
R1_J21_Bd	26426	0	0	0	0	0	0	0	0	0	0	0	0	0	0	0	0	0	0	0	0	0	0	0	0	0	0	0	0	0	0	0	0	0	0	0	0	0	0	0	0	0	0	0	0	0	0	0	0	0	0	0	0
R1_J22_Bd	0	0	0	0	0	0	0	0	0	0	0	0	0	0	0	0	0	0	0	0	0	10993	0	0	0	0	0	0	0	0	0	0	0	0	0	0	0	0	0	0	0	0	0	0	0	0	0	0	0	0	0	0	0
R1_J23_Bd	0	0	0	0	0	13300	11115	0	0	15669	0	0	0	0	0	0	0	0	0	0	0	0	0	0	0	0	0	0	0	0	0	0	0	0	0	0	0	0	0	0	0	0	0	0	0	0	0	0	0	0	0	0	0
R1_J26_Bd	0	0	0	0	0	16490	0	0	0	0	0	8281	1796	976	1310	4948	11079	4001	0	0	0	0	0	0	0	0	0	0	0	0	0	0	0	0	0	0	0	0	0	0	0	0	0	0	0	0	0	0	0	0	0	0	0
R1_J4_Bd	0	0	0	0	0	18619	11500	0	3827	0	0	0	0	0	0	0	0	0	0	0	0	0	3567	0	0	0	0	0	0	0	0	0	0	0	0	0	0	0	0	0	0	0	0	0	0	0	0	0	0	0	0	0	0
R10_J1_Bd	0	0	0	0	0	0	0	0	0	0	0	0	0	0	0	0	0	0	0	0	0	24130	0	0	0	0	0	0	0	0	0	0	0	0	0	0	0	0	0	0	0	0	0	0	0	0	0	0	1899	2480	0	0	0
R10_J16_Bd	0	0	0	0	0	0	0	0	0	35727	0	0	0	0	0	0	0	0	0	0	0	0	0	0	0	0	0	0	0	0	0	0	0	0	0	0	0	0	0	0	0	0	0	0	0	0	0	0	0	0	0	0	0
R10_J25_Bd	0	0	0	0	0	0	0	0	0	532	0	0	0	0	0	0	0	0	0	31415	0	0	0	0	0	0	0	0	0	0	0	0	0	0	0	0	0	0	0	0	0	0	0	0	0	0	0	0	0	0	0	0	0
R10_J27_Bd	0	0	0	0	0	25083	0	0	0	10977	0	0	0	0	0	0	0	0	0	0	0	0	0	0	0	0	0	0	0	0	0	0	0	0	0	0	0	0	0	0	0	0	0	0	0	0	0	0	0	0	0	0	0
R10_J3_Bd	0	0	0	0	0	0	0	0	0	21237	0	0	0	0	0	0	0	1692	0	12213	775	0	870	0	0	0	0	0	0	0	0	0	0	0	0	0	0	0	0	0	0	0	0	0	0	0	0	0	0	0	0	0	0
R10_J6_Bd	0	0	0	0	0	16076	0	0	0	12439	0	0	1575	0	0	0	0	7531	0	0	0	0	0	0	0	0	0	0	0	0	0	0	0	0	0	0	0	0	0	0	0	0	0	0	0	0	0	0	0	0	0	0	0
R11_J11_Bd	0	0	0	0	0	0	18125	0	0	27239	0	0	0	0	0	0	0	0	0	0	0	0	0	0	0	0	0	0	0	0	0	0	0	0	0	0	0	0	0	0	0	0	0	0	0	0	0	0	0	0	0	0	0
R11_J21_Bd	0	0	0	0	0	0	0	0	0	0	0	0	0	0	0	0	0	0	0	0	0	6067	0	0	22664	0	0	0	0	0	0	0	0	0	0	0	0	0	0	0	0	0	0	0	0	0	0	0	0	0	0	0	0
R11_J24_Bd	0	0	0	0	0	5742	0	0	0	1698	0	0	0	0	0	0	0	1309	0	0	0	0	0	4230	0	0	0	0	0	0	0	0	0	0	0	0	0	0	0	0	0	0	0	0	0	0	0	0	0	0	0	0	0
R11_J25_Bd	0	0	0	0	0	3672	0	0	0	0	0	0	0	0	0	0	0	0	0	0	0	0	0	20153	5698	0	0	0	0	0	0	0	0	0	0	0	0	0	0	0	0	0	0	0	0	0	0	0	0	0	0	0	0
R11_J26_Bd	0	0	0	0	0	0	10431	0	0	17334	0	0	0	0	0	0	0	0	0	0	0	0	0	0	0	0	0	0	0	0	0	0	0	0	0	0	0	0	0	0	0	0	0	0	0	0	0	0	0	0	0	0	0
R11_J8_Bd	0	0	0	0	0	0	0	0	0	36620	0	0	0	0	0	0	0	0	0	0	0	0	0	0	0	0	0	0	0	0	0	0	0	0	0	0	0	0	0	0	0	0	0	0	0	0	0	0	0	0	0	0	0
R12_J14_Bd	0	0	0	0	0	0	1159	0	0	836	0	0	0	0	0	0	0	0	0	0	0	18269	0	0	0	0	0	0	0	0	0	0	0	0	0	0	0	0	0	0	0	0	0	0	0	0	0	0	1669	1615	0	0	0
R12_J19_Bd	0	0	0	0	0	0	24003	0	0	0	0	0	0	0	0	0	0	0	0	0	0	12067	0	0	0	0	0	0	0	0	0	0	0	0	0	0	0	0	0	0	0	0	0	0	0	0	0	0	0	0	0	0	0
R12_J20_Bd	0	0	0	0	0	0	0	0	0	0	0	0	0	0	0	0	0	0	0	0	0	4878	0	0	31013	0	0	0	0	0	0	0	0	0	0	0	0	0	0	0	0	0	0	0	0	0	0	0	0	0	0	0	0
R12_J23_Bd	0	0	0	0	0	24976	0	0	0	6609	0	0	0	0	0	0	0	9752	0	0	0	0	0	0	0	0	0	0	0	0	0	0	0	0	0	0	0	0	0	0	0	0	0	0	0	0	0	0	0	0	0	0	0
R12_J3_Bd	0	371	594	392	1651	0	18206	0	0	7862	0	0	0	0	0	0	0	0	0	0	0	463	594	0	0	0	2751	0	0	0	0	0	937	0	0	0	0	0	0	0	0	0	0	0	0	0	0	0	0	0	0	0	0
R12_J5_Bd	0	0	0	0	0	0	0	0	0	0	0	0	0	0	0	0	0	0	0	0	0	25294	0	0	0	0	0	0	0	0	0	0	0	0	0	0	0	0	0	0	0	0	0	0	0	0	0	0	0	0	0	0	0
R2_J11_Bd	0	0	0	0	0	0	0	0	0	0	0	0	6280	2898	0	0	0	13491	0	0	0	1870	0	0	0	0	0	0	13751	0	0	0	0	0	0	0	0	0	0	0	0	0	0	0	0	0	0	0	0	0	0	0	0
R2_J18_Bd	0	0	0	0	0	309	0	0	2511	0	0	0	0	0	0	0	0	0	0	17911	0	0	263	0	0	0	0	0	0	22836	0	0	0	0	0	0	0	0	0	0	0	0	0	0	0	0	0	0	0	0	0	0	0
R2_J2_Bd	0	0	0	0	0	0	0	0	0	0	0	0	6252	2993	0	0	0	13686	0	0	0	0	0	0	0	0	0	0	0	0	0	0	0	0	0	0	0	0	0	0	0	0	0	0	0	0	0	0	0	0	0	0	0
R2_J25_Bd	0	0	0	0	0	0	0	0	0	0	0	0	0	0	0	0	0	0	0	26833	0	0	6990	0	0	0	0	0	0	0	0	0	0	0	0	0	0	0	0	0	0	0	0	0	0	0	0	0	0	0	0	0	0
R2_J3_Bd	0	0	0	0	0	16483	0	0	0	0	0	7339	0	0	0	4410	0	5680	0	0	0	0	0	0	0	0	0	0	0	0	0	0	0	0	0	0	0	0	0	0	0	0	0	0	0	0	0	0	0	0	0	0	0
R2_J6_Bd	0	0	0	0	0	0	0	0	0	0	0	0	0	0	0	0	0	0	0	24883	0	0	0	0	0	0	0	0	0	0	0	0	0	0	0	0	0	0	0	0	0	0	0	0	0	0	0	0	0	0	0	0	0
R3_J1_Bd	0	815	1191	884	1117	0	0	481	0	0	0	0	0	0	0	0	0	0	0	0	0	0	0	0	0	0	1165	0	0	0	603	1016	0	947	761	0	0	0	0	0	2382	0	0	1594	0	0	0	0	0	0	0	0	0
R3_J12_Bd	0	245	373	224	867	0	12883	0	503	6631	0	0	0	0	0	0	0	0	0	0	0	0	559	0	0	0	1664	0	0	26558	0	0	0	0	0	0	0	0	0	0	0	0	0	0	0	0	0	0	0	0	498	0	0
R3_J18_Bd	0	936	1478	929	1112	0	2077	1391	0	0	0	0	0	0	0	0	0	0	0	0	0	0	0	0	0	0	797	0	0	0	0	650	0	0	0	0	0	0	0	0	0	0	0	0	0	0	0	0	0	0	0	1556	1538
R3_J19_Bd	0	0	0	0	0	14432	0	0	0	0	0	6625	2738	0	0	4009	0	5975	0	0	0	0	0	0	0	0	0	0	0	0	0	0	0	0	0	0	0	0	0	0	0	0	0	0	0	0	0	0	0	0	0	0	0
R3_J25_Bd	0	0	0	0	0	12927	0	0	0	0	0	0	3768	0	0	0	0	11836	0	0	0	0	0	0	0	0	0	0	0	0	0	0	0	0	0	0	0	0	0	0	0	0	0	0	0	0	0	0	0	0	0	0	0
R3_J6_Bd	0	0	0	0	0	0	0	0	0	0	0	0	27403	0	0	0	0	0	0	0	0	0	0	0	0	0	0	0	0	0	0	0	0	0	0	0	0	0	0	0	0	0	0	0	0	0	0	0	0	0	0	0	0
R4_J11_Bd	0	0	0	0	0	0	37313	0	0	0	0	0	0	0	0	0	0	0	0	0	0	0	0	0	0	0	0	0	0	0	0	0	0	0	0	0	0	0	0	0	0	0	0	0	0	0	0	0	0	0	0	0	0
R4_J17_Bd	0	304	431	263	1160	0	12661	1451	971	6324	0	0	0	0	0	0	0	0	0	0	0	163	194	0	0	0	920	0	0	13341	0	0	112	0	0	0	0	0	0	0	0	0	0	0	0	0	0	0	0	0	496	0	0
R4_J2_Bd	0	0	0	0	0	16892	0	0	0	0	0	0	0	0	0	0	0	0	0	0	0	0	0	0	0	0	0	0	0	0	0	0	0	0	0	0	0	0	0	0	0	0	0	0	0	0	15507	0	0	0	0	0	0
R4_J3_Bd	0	0	0	0	0	0	25994	0	9961	0	0	0	0	0	0	0	0	0	0	0	0	0	0	0	0	0	0	0	0	0	0	0	0	0	0	0	0	0	0	0	0	0	0	0	0	0	0	0	0	0	0	0	0
R4_J8_Bd	0	0	0	0	0	22605	0	0	0	0	0	0	0	0	0	0	9140	0	0	0	0	0	0	0	0	0	0	0	0	0	0	0	0	0	0	0	0	0	0	0	0	0	0	0	0	0	0	0	0	0	0	0	0
R4_J9_Bd	0	0	0	0	0	31647	0	0	0	0	0	0	0	0	0	0	0	0	0	0	0	0	0	0	0	0	0	0	0	0	0	0	0	0	0	0	0	0	0	0	0	0	0	0	0	2576	0	0	0	0	0	0	0
R5_J1_Bd	0	0	0	0	0	0	0	0	0	0	0	0	0	0	0	0	0	11657	0	23214	0	0	0	0	0	0	0	0	0	0	0	0	0	0	0	0	0	0	0	0	0	0	0	0	0	0	0	0	0	0	0	0	0
R5_J14_Bd	0	0	0	0	0	0	0	0	0	0	0	0	10138	2449	0	0	0	12201	0	0	0	0	0	0	0	0	0	0	0	0	0	0	0	0	0	0	0	0	0	0	0	0	0	0	0	0	0	0	0	0	0	0	0
R5_J17_Bd	0	0	807	0	0	19974	1321	0	0	2763	0	0	0	0	0	0	0	1070	0	7806	0	0	0	0	0	0	0	0	0	0	0	0	0	0	0	0	0	0	0	0	0	0	0	0	0	0	0	0	0	0	0	0	0
R5_J18_Bd	0	0	0	0	0	0	0	0	0	0	0	0	0	0	0	0	0	29278	0	0	0	0	0	0	0	0	0	0	0	0	0	0	0	0	0	0	0	0	0	0	0	0	0	0	0	0	0	0	0	0	0	0	0
R5_J4_Bd	0	0	0	0	0	0	0	0	0	0	0	0	2204	0	0	0	0	1073	0	0	0	0	0	30023	0	0	0	0	0	0	0	0	0	0	0	0	0	0	0	0	0	0	0	0	0	0	9187	0	0	0	0	0	0
R5_J8_Bd	0	0	0	0	0	0	0	0	0	1932	0	0	8391	3792	0	0	0	16581	0	0	0	0	0	0	0	0	0	0	0	0	0	0	0	0	0	0	0	0	0	0	0	0	0	0	0	0	0	0	0	0	0	0	0
R6_J16_Bd	0	0	0	0	0	21594	0	0	0	0	0	967	1703	0	0	566	0	5321	0	0	0	0	0	0	0	0	0	0	0	0	0	0	0	0	0	0	0	0	0	0	0	0	0	0	0	0	5441	0	0	0	0	0	0
R6_J19_Bd	0	0	0	0	0	0	0	0	0	0	0	0	0	0	0	0	0	0	0	0	0	6514	0	0	0	0	0	0	0	0	0	0	0	0	0	0	0	0	0	0	0	0	0	0	0	0	0	27202	0	0	0	0	0
R6_J20_Bd	0	0	0	0	0	21941	0	0	0	0	0	0	0	0	0	0	0	0	0	0	0	0	0	0	0	0	0	0	0	0	0	0	0	0	0	0	0	0	0	0	0	0	0	0	0	0	9548	0	0	0	0	0	0
R6_J23_Bd	0	0	0	0	0	0	0	0	0	0	0	0	0	0	0	0	0	0	0	0	0	15748	0	0	0	0	0	0	0	0	0	0	0	0	0	0	0	0	0	0	0	0	0	0	0	0	0	0	0	0	0	0	0
R6_J27_Bd	0	0	0	0	0	30989	0	0	0	0	0	0	0	0	0	0	0	0	0	0	0	0	0	0	0	0	0	0	0	0	0	0	0	0	0	0	0	0	0	0	0	0	0	0	0	0	0	0	0	0	0	0	0
R6_J7_Bd	0	0	0	0	0	0	0	0	0	16795	0	0	0	0	0	0	0	912	0	0	0	0	1457	0	0	0	0	0	0	16816	0	0	0	0	0	0	0	0	0	0	0	0	0	0	0	0	0	0	0	0	0	0	0
R7_J13_Bd	0	0	0	0	0	21082	0	0	0	17549	0	0	0	0	0	0	0	0	0	0	0	0	0	0	0	0	0	0	0	0	0	0	0	0	0	0	0	0	0	0	0	0	0	0	0	0	0	0	0	0	0	0	0
R7_J15_Bd	0	0	0	0	0	22957	0	0	0	0	0	0	0	0	0	0	0	0	0	0	0	0	9524	0	0	0	0	0	0	0	0	0	0	0	0	0	0	0	0	0	0	0	0	0	0	0	0	0	0	0	0	0	0
R7_J19_Bd	0	0	0	0	0	0	0	0	0	0	0	0	0	0	0	0	0	0	0	16466	0	0	0	0	0	0	0	0	0	24873	0	0	0	0	0	0	0	0	0	0	0	0	0	0	0	0	0	0	0	0	0	0	0
R7_J22_Bd	0	0	0	0	0	0	0	0	0	0	0	0	0	0	0	0	0	0	0	0	0	0	0	0	0	0	0	0	0	0	0	0	0	0	0	0	0	0	0	0	0	0	0	0	0	0	27974	0	0	0	0	0	0
R7_J23_Bd	0	0	0	0	0	0	0	0	0	0	0	0	3044	1269	5719	0	0	7122	0	0	0	2163	0	0	0	0	0	0	0	0	0	0	0	0	0	0	0	0	0	0	0	0	0	0	0	0	12646	0	0	0	0	0	0
R7_J27_Bd	0	0	0	0	0	0	0	0	0	0	0	0	0	0	0	0	0	0	0	0	0	0	0	0	0	0	0	0	0	0	0	0	0	0	0	0	0	0	0	0	0	0	0	0	0	0	31569	0	0	0	0	0	0
R8_J1_Bd	0	0	0	0	0	26012	0	0	0	0	0	0	0	0	0	0	0	0	0	0	0	0	0	0	0	0	0	0	0	0	0	0	0	0	0	0	0	0	0	0	0	0	0	0	0	3004	0	0	0	0	0	0	0
R8_J16_Bd	0	0	0	0	0	0	0	0	478	10824	0	0	0	0	0	0	0	0	0	0	0	0	0	0	0	0	0	0	0	26150	0	0	0	0	0	0	0	0	0	0	0	0	0	0	0	0	0	0	0	0	0	0	0
R8_J2_Bd	0	0	0	0	0	19671	0	0	0	0	0	0	0	0	0	0	0	13022	0	0	0	0	0	0	0	0	0	0	0	0	0	0	0	0	0	0	0	0	0	0	0	0	0	0	0	630	0	0	0	0	0	0	0
R8_J24_Bd	0	0	0	0	0	0	0	0	1886	0	0	0	0	0	0	0	0	0	0	11274	0	0	0	0	0	0	0	0	0	21581	0	0	0	0	0	0	0	0	0	0	0	0	0	0	0	0	0	0	0	0	0	0	0
R8_J3_Bd	0	0	0	0	0	0	0	0	0	37096	0	0	0	0	0	0	0	0	0	0	0	0	0	0	0	0	0	0	0	0	0	0	0	0	0	0	0	0	0	0	0	0	0	0	0	0	0	0	0	0	0	0	0
R8_J6_Bd	0	0	0	0	0	27475	0	0	0	0	0	0	0	0	0	0	0	0	0	0	0	0	0	0	0	0	0	0	0	0	0	0	0	0	0	0	0	0	0	0	0	0	0	0	0	1999	0	0	0	0	0	0	0
R9_J12_Bd	0	0	0	0	0	0	0	0	0	0	0	0	0	0	0	0	0	28376	0	0	0	0	0	0	0	0	0	0	0	0	0	0	0	0	0	0	0	0	0	0	0	0	0	0	0	0	0	0	0	0	0	0	0
R9_J13_Bd	0	0	362	0	0	0	6242	0	0	1049	0	0	0	0	0	0	0	550	0	5475	6520	0	0	0	0	0	0	0	0	18458	0	0	0	0	0	0	0	0	0	0	0	0	0	0	0	0	0	0	0	0	0	0	0
R9_J14_Bd	0	0	0	0	0	0	0	0	0	37456	0	0	0	0	0	0	0	0	0	0	0	0	0	0	0	0	0	0	0	0	0	0	0	0	0	0	0	0	0	0	0	0	0	0	0	0	0	0	0	0	0	0	0
R9_J20_Bd	0	0	0	0	0	27311	0	0	0	5340	0	0	0	0	0	0	0	9774	0	0	0	0	0	0	0	0	0	0	0	0	0	0	0	0	0	0	0	0	0	0	0	0	0	0	0	0	0	0	0	0	0	0	0
R9_J26_Bd	0	0	0	0	0	0	0	0	0	32077	0	0	0	0	0	0	0	5239	550	0	0	0	0	0	0	0	0	0	0	0	0	0	0	0	0	0	0	0	0	0	0	0	0	0	0	0	0	0	0	0	0	0	0
R9_J7_Bd	0	0	0	0	0	0	0	0	0	24776	0	0	0	0	0	0	0	0	0	6181	542	0	0	0	0	0	0	0	0	0	0	0	0	0	0	0	0	0	0	0	0	0	0	0	0	0	0	0	0	0	0	0	0
