sampleID	Rep	JarID	ave_zoosp_size_micro	med_zoosp_size_micro	sd_zoosp_size_micro	min_zoosp_size_micro	max_zoosp_size_micro	n_zoosp_size_micro
R1_J12_Bd	Rep1	12	16.9572436051663	15.1381125248683	6.34970900966845	10.3145597943275	31.5051439463259	11
R1_J16_Bd	Rep1	16	9.27252038495397	9.32971797993778	1.82472922489103	4.35508376585822	14.2996005940857	11
R1_J21_Bd	Rep1	21	10.9069624854397	10.9731897277004	2.25779855963747	4.04147817037414	17.6640242599238	11
R1_J22_Bd	Rep1	22	10.1080026504538	8.84573358690715	3.83523210996753	4.47018884991499	22.5883303032995	11
R1_J26_Bd	Rep1	26	13.5874316583092	13.6082912897549	3.46339476430156	7.66627011817714	23.2224264655971	11
R1_J4_Bd	Rep1	4	9.61740796150933	9.09916841182912	5.98097974681865	4.32473170915243	15.9465633132266	11
R1_J7_Bd	Rep1	7	10.4610010919148	10.8452359295429	3.35322492759411	5.21939009626935	18.7232431589567	11
R10_J1_Bd	Rep10	1	14.4284329626976	14.3714079359089	3.82677327013623	4.1255523977349	28.0329850248964	11
R10_J23_Bd	Rep10	23	7.64616646977291	7.65182137552806	1.75476047940568	2.49313539267028	15.250405437537	11
R10_J6_Bd	Rep10	6	5.247172410155	4.98636775676773	0.811674759701063	4.59460319098057	6.42135093610398	11
R11_J2_Bd	Rep11	2	10.4551369135387	10.3195053371134	3.10430829525725	4.02285965635653	18.6913395594161	11
R11_J21_Bd	Rep11	21	4.43992846151146	4.45748559295506	0.985172766617229	1.59925277697076	7.29031189501951	11
R11_J25_Bd	Rep11	25	4.06969259320176	4.01582922788634	0.891029522975887	2.12891071220083	7.55194080553777	11
R11_J26_Bd	Rep11	26	4.44112166461928	4.18994142537913	1.87550810965338	2.09778288407764	10.5943223617275	11
R12_J12_Bd	Rep12	12	7.12935968990865	7.22194703886111	2.29185469096191	2.4301039650065	13.2907098657566	11
R12_J19_Bd	Rep12	19	9.32750660978328	8.99759084186326	2.69714287897849	4.26780948140069	16.2229318806755	11
R13_J29_Bd	Rep13	29	10.3697445949574	10.5609641907793	3.43690327035409	3.49640177822324	20.0896675392802	11
R2_J11_Bd	Rep2	11	7.53021498970155	4.69923536090244	5.40910622437193	1.86272414460534	18.9151496133361	11
R2_J19_Bd	Rep2	19	12.3384578816584	12.7854887301747	2.6648320822912	5.55365060574172	17.9366109417128	11
R2_J2_Bd	Rep2	2	5.65526410589202	5.46492174987655	2.01594685747737	2.28241648141892	25.6364331736925	11
R2_J3_Bd	Rep2	3	6.79288079742061	6.45606670703264	1.3806193986203	5.61183346204674	8.31074222318246	11
R3_J1_Bd	Rep3	1	14.6574516071145	13.8939691142126	4.46112492137678	4.94457307165529	26.2540441933703	11
R3_J12_Bd	Rep3	12	13.0118581760321	11.8568418578329	5.22496742487057	4.32036799492956	26.3662401346119	11
R3_J18_Bd	Rep3	18	13.5543082659608	13.7407057735624	5.38903436252661	3.94053091468493	32.2931337635503	11
R3_J19_Bd	Rep3	19	15.9689903800465	15.6197696036467	4.36094539806221	7.64842737557693	29.4032882623069	11
R3_J20_Bd	Rep3	20	15.4405219464033	16.0636078258269	3.94558922694213	5.87055322974975	25.7149800297043	11
R3_J25_Bd	Rep3	25	17.6117650929744	18.243380051581	4.94765113779911	8.1097204546486	27.8928613126285	11
R3_J6_Bd	Rep3	6	13.1856491446889	14.2630423660408	6.36785675804368	5.23645706745216	24.9444450693714	11
R3_J8_Bd	Rep3	8	14.0278549529439	13.4453792921008	4.7647835460088	6.3031427663776	26.204006936948	11
R4_J11_Bd	Rep4	11	15.9721314461918	18.1541178528664	5.87733310192888	4.44904907879084	26.3594521347096	11
R4_J17_Bd	Rep4	17	13.9207873517001	15.1082453252984	4.55074632520486	5.039702041714	20.3080471932784	11
R4_J2_Bd	Rep4	2	15.6208371872293	15.7908272011835	3.66384505505855	4.43217605046238	27.3455545776526	11
R4_J3_Bd	Rep4	3	14.0941943317375	13.865701943191	5.18990544233383	4.01461708504666	28.1217138807616	11
R4_J5_Bd	Rep4	5	16.3403157932709	16.5152522478947	4.34292354248111	5.31577969488134	32.6937227292104	11
R4_J8_Bd	Rep4	8	13.0655111556475	11.6889358316793	5.07456851306374	0	22.9222029270631	11
R4_J9_Bd	Rep4	9	15.3514114950491	16.5343556190481	4.29397888528162	4.12332205490988	22.892238756066	11
R5_J1_Bd	Rep5	1	10.077059656571	8.65251801826088	4.37607070701913	6.93869350008281	26.3141664782189	11
R5_J12_Bd	Rep5	12	8.03068874150094	6.4096173934158	4.6122868759854	1.73472186073429	19.1600994383803	11
R5_J14_Bd	Rep5	14	8.2532347443467	8.0910534549174	2.04281640830879	4.13466771188936	14.6324065321505	11
R5_J18_Bd	Rep5	18	9.54115134243935	9.39522217899452	2.34554484741435	4.84517735880087	15.0205831551322	11
R5_J4_Bd	Rep5	4	7.08576683129829	6.61829990469648	1.5393075419571	5.83438288741346	8.80461770178493	11
R5_J8_Bd	Rep5	8	10.2837921457909	9.94839568531453	2.57814652281128	5.55704460569284	17.1002323823281	11
R6_J16_Bd	Rep6	16	11.3175352655989	11.3175352655989	2.03540675952341	9.87828534346698	12.7567851877309	11
R6_J19_Bd	Rep6	19	6.10847262632371	5.90749934350344	0.871519837001838	5.28164575251573	7.33724606577223	11
R6_J22_Bd	Rep6	22	16.0720314104675	16.8406398717805	7.19944565322435	3.02948435637543	32.6285579301488	11
R6_J7_Bd	Rep6	7	14.9414070623041	16.4607058201087	5.94624090076144	3.03569052771463	24.7221865582862	11
R7_J13_Bd	Rep7	13	12.7140450312035	15.357607350279	5.5285950441826	4.42684262196775	15.7141228022881	11
R7_J17_Bd	Rep7	17	8.08662142971138	7.54699526275184	4.73975081025962	1.74820088911162	31.8907993122011	11
R7_J22_Bd	Rep7	22	3.45810845428487	3.15554721170298	0.991757424029113	1.70805471826115	6.40088996497004	11
R7_J23_Bd	Rep7	23	3.75667681843133	3.44786757892214	1.40771993818605	1.13505055508384	6.41844179328872	11
R7_J27_Bd	Rep7	27	4.80777724245632	3.40912749376571	2.7634122103464	2.06733385594468	11.94911017079	11
R8_J11_Bd	Rep8	11	10.6802282253586	10.5183452485358	3.37831632333178	3.46934675004141	26.3178513924515	11
R8_J16_Bd	Rep8	16	7.45175546820493	7.30408183767836	1.40084445721792	4.38194485118571	11.9621043420314	11
R8_J2_Bd	Rep8	2	8.28128582984039	7.74859885984875	2.5073956171222	4.94554278592704	20.4262553630048	11
R8_J24_Bd	Rep8	24	7.61101025774839	7.52915252015163	2.25567917536065	4.85729878719775	17.7817475725143	11
R8_J6_Bd	Rep8	6	12.4319955543126	11.1903087531453	5.77564990559871	6.30983379485268	24.1644069091754	11
R9_J12_Bd	Rep9	12	5.7715137188704	5.31577969488134	2.82013397854202	1.99916294264062	31.0071956677821	11
R9_J14_Bd	Rep9	14	15.9229507707095	15.9229507707095	3.15136973658997	13.6945958599407	18.1513056814783	11
R9_J15_Bd	Rep9	15	7.94220136967683	7.97202102806004	2.46033278484113	2.52309956366737	15.7923787440183	11
R9_J20_Bd	Rep9	20	5.00154491269536	4.25016068165483	2.88202100092281	2.13337139785088	17.5293309475776	11
R9_J7_Bd	Rep9	7	16.6014598466533	16.6014598466533	5.97477321085679	12.3766571932047	20.8262625001018	11
